1 12208
1 18464
1 18211
1 11688
1 12523
2 2127
2 5742
2 20696
3 4289
3 14875
3 287
3 5001
3 816
3 21256
3 14109
3 3918
3 8032
3 7528
3 4620
3 21610
3 21648
3 21616
3 21649
3 21134
3 1164
3 1612
3 6638
3 104
3 21647
4 6592
4 2252
4 3541
5 4072
5 5658
5 4105
5 3464
5 4791
6 21155
6 21324
6 18024
6 4155
6 21189
7 14637
7 20975
7 4728
8 20613
8 21449
8 2032
9 4892
9 954
9 20524
10 4078
10 5235
10 17617
10 19966
10 8012
11 19103
11 21048
11 20910
11 20988
11 21328
11 8276
11 16589
11 10911
12 519
12 298
12 2487
12 6399
12 6937
13 6047
13 11842
13 11849
13 8555
14 8269
14 21152
14 21633
14 3613
15 21632
15 21631
15 21565
15 3317
16 21561
16 21122
16 21383
16 16732
16 21248
17 603
17 244
17 227
17 427
17 634
17 831
17 548
17 836
17 2135
17 845
17 2856
17 1790
17 882
17 888
17 830
17 829
17 630
17 2054
17 854
17 461
17 91
17 796
17 1392
17 470
17 895
17 2102
17 3084
17 893
18 2615
18 13481
18 3406
19 4043
19 12365
19 21511
19 19809
20 5593
20 754
20 6093
20 3543
20 19108
21 21638
21 21553
21 21594
21 21600
22 1385
22 2000
22 790
23 21563
23 19330
23 10675
23 21561
23 669
24 1197
24 3137
24 7695
24 21561
24 21585
24 21402
24 21600
24 20910
24 21318
24 11643
24 15963
24 10521
24 6230
24 3395
24 7246
24 6636
24 10608
25 17893
25 1206
25 19723
25 15630
25 1276
25 6819
25 6207
25 7115
25 2225
25 10130
25 20549
25 21563
25 20771
25 2209
25 17774
25 1382
25 2336
25 13774
25 5382
25 17129
25 10595
25 5566
25 2108
25 16046
25 241
25 19536
25 19675
25 19868
25 1619
25 18504
25 6719
25 5200
25 1316
25 19342
25 14534
26 1478
26 3964
26 7391
26 3838
26 1358
26 13843
26 1909
26 7007
26 4478
26 6300
26 6324
27 21112
27 758
27 8504
28 21651
28 20164
28 11020
28 644
28 1102
28 6646
28 10014
28 2903
28 7034
28 1852
28 7142
28 2252
28 1789
28 2128
28 1572
28 4399
28 1236
28 2131
28 413
28 2429
28 1290
28 4461
28 8346
28 14101
28 3767
28 771
28 4049
28 1502
28 9931
28 844
28 2443
28 24
28 12853
28 2251
28 968
28 4615
28 147
28 12565
28 3426
28 16350
28 1708
28 8313
28 8108
28 2668
28 7587
28 7017
28 1291
28 8845
28 8162
28 2253
28 3145
28 10471
28 11882
28 10504
28 862
28 1099
28 4754
28 2171
28 8084
28 165
28 9353
28 491
28 820
28 5835
28 1098
28 4889
28 718
28 8651
28 1610
28 2184
28 15581
28 269
28 1628
28 2381
28 3126
28 2125
28 4078
28 236
28 1571
28 3359
28 1941
28 1646
28 7225
28 2281
28 4379
28 12537
28 2873
28 13866
28 2570
28 4621
28 2011
28 245
28 11676
28 13576
28 2752
28 8565
28 2427
28 984
28 8022
28 11583
28 1428
28 7493
28 1775
28 10638
28 1334
28 16702
28 1329
28 1726
28 4011
28 14175
28 3666
28 7586
28 6621
28 5173
28 5879
28 5877
28 21498
28 20947
28 21189
28 11523
28 10959
28 3510
28 7525
28 734
28 2469
28 177
28 12159
28 3532
28 4490
28 2914
28 8977
28 2358
28 927
28 3068
28 1678
28 12119
28 3541
28 11762
28 7565
28 4464
28 10091
28 5252
28 3627
28 2918
28 989
28 2976
28 4951
28 1383
28 1685
28 1724
28 1224
28 15453
28 7283
28 11585
28 2066
28 1491
28 8668
28 3969
28 1697
29 8526
29 10
29 20063
30 9797
30 1342
30 633
30 5431
30 396
30 4908
31 14831
31 18908
31 14105
31 15135
31 15095
31 12860
31 15225
31 15629
31 21618
31 429
31 413
31 390
32 21168
32 17143
32 21531
33 12527
33 570
33 9249
33 9542
33 21561
33 1620
34 3440
34 4218
34 16928
34 1830
34 10373
34 792
34 2321
34 2608
35 603
35 244
35 47
35 853
35 2135
35 845
35 461
35 21561
35 21122
35 21401
35 21248
35 21594
35 5057
35 4259
35 3609
35 8436
35 9815
35 2583
35 3061
35 4840
35 5196
35 4620
35 6975
35 4289
35 3583
35 12010
35 5561
35 10730
35 2911
35 4172
35 7868
35 7757
35 8252
35 12210
35 5808
35 5673
35 7230
35 4309
35 7695
35 2714
35 9926
35 11993
35 8090
35 9150
35 10043
35 15397
35 9624
35 10044
35 8126
35 4831
35 11852
35 9141
35 3223
35 12855
35 11054
35 8315
35 8370
35 9866
35 5629
35 11209
35 12052
35 11822
35 10290
35 12392
35 7918
35 8111
35 15593
35 18894
35 15749
35 3935
35 13067
35 19239
35 18237
35 10561
35 3798
35 11555
35 11208
36 244
36 18237
36 8436
36 2135
36 1846
36 9815
36 17574
36 7528
36 3609
36 5057
36 4259
36 2583
36 3118
36 21561
36 21598
36 829
36 203
36 603
36 11308
36 9027
36 277
36 13067
36 9546
36 10730
36 6975
36 12210
36 7868
36 8504
36 9624
36 2915
36 4620
36 1940
36 10464
36 4172
36 10579
36 9445
36 1288
36 12855
36 3853
36 5554
36 2749
36 5673
36 10417
36 6942
36 11277
36 8539
36 227
36 796
36 8568
37 11882
37 20453
37 8667
37 20428
37 19532
38 21614
38 21351
38 21517
38 21619
38 20984
39 8436
39 11717
39 18951
39 6909
39 12010
39 14101
39 14485
39 16958
39 10290
39 12279
39 9815
39 4259
39 5057
39 3609
39 10561
39 13866
39 12188
39 12160
39 11993
39 12392
39 15453
39 9375
39 8200
39 16115
39 7726
39 11838
39 12189
39 9546
39 10466
39 19239
39 4289
39 10730
39 7899
39 14977
39 12855
39 12143
39 12842
39 18889
39 16583
39 10643
39 3583
39 15748
39 12369
39 8625
39 17750
39 18894
39 6975
39 14669
39 16350
39 9179
39 19769
39 20929
39 9027
39 17202
39 11102
39 11555
39 19288
39 10741
39 17722
39 12145
39 21594
39 15560
39 20988
39 18822
39 9033
39 8568
39 7868
39 15176
39 21328
39 20820
39 1401
39 16709
39 14532
39 20422
39 21073
39 3901
39 8116
39 19049
39 18269
39 10743
39 8977
40 15596
40 18386
40 3965
41 8035
41 12828
41 21651
41 21619
42 21102
42 21073
42 21169
43 959
43 891
43 2976
43 18799
43 5808
43 939
43 991
43 957
43 1369
43 15235
43 14667
43 20559
43 12143
43 1172
43 1984
43 1401
43 13463
43 2243
43 19732
43 17268
43 16706
43 9621
43 12407
43 9141
43 15515
43 1294
43 3668
43 3295
43 12161
43 21021
43 1142
43 11118
43 16918
43 20000
43 20460
43 20368
43 20051
43 21637
43 20988
43 19333
43 2716
43 3853
43 16350
43 6975
43 12210
43 5673
43 8292
43 2458
43 2896
43 7899
43 13559
43 15397
43 7077
43 8126
43 3965
43 4082
43 12855
43 10199
43 9644
43 3821
43 11102
43 7594
43 12052
43 5759
43 7007
43 5598
43 12858
43 5250
43 19049
43 5633
43 5857
43 18237
43 12850
43 11798
43 10383
43 11124
43 17574
43 16115
43 11012
43 5835
43 1008
43 8223
43 16708
43 20630
43 9285
43 15225
43 2992
43 548
43 13628
43 19613
43 9946
43 21651
43 4043
43 8504
43 9866
43 10470
43 11209
43 12856
43 10888
43 11962
43 10912
43 4169
43 11020
43 11882
43 11795
43 4078
43 14175
43 7525
43 15453
43 18889
43 1226
43 2459
43 277
43 371
43 1
43 44
43 561
43 895
43 222
43 2
43 936
43 6
43 455
43 768
43 1385
43 1384
43 19809
43 21561
43 8811
43 7227
43 2907
43 4326
43 9309
43 5195
43 21027
43 21037
43 20541
43 21260
43 12774
43 12859
43 20747
43 18057
43 16468
43 18119
43 9443
43 90
43 904
43 2100
43 12298
43 13971
43 12842
43 18822
43 2102
43 20591
43 19030
43 20584
43 20605
43 16764
43 1641
43 1093
43 863
43 12038
43 165
43 4805
43 18505
43 1331
43 1149
43 19085
43 3510
43 18310
43 18531
43 13742
43 2749
43 20502
43 18599
43 16872
43 21542
43 4289
43 37
43 10579
43 21251
43 21281
43 10592
44 20948
44 21616
44 19173
44 16602
44 18023
44 10325
45 1330
45 21651
45 7726
46 16909
46 2193
46 21518
46 16915
46 15515
46 19538
46 19854
46 20567
46 1070
46 7114
46 889
46 21646
46 1380
46 16589
46 7318
46 9514
46 20047
46 8396
46 1982
46 21636
46 832
46 1726
46 915
46 11947
46 1514
46 893
46 15673
46 896
46 21645
46 21599
46 21321
46 2364
46 8320
46 12378
46 7259
46 1202
46 8304
46 11346
46 3295
46 208
46 21592
46 1036
46 7531
46 6703
46 18269
46 20059
46 13315
46 8317
46 7165
46 918
46 554
46 624
46 892
46 3433
46 1189
46 1181
46 1165
46 9571
46 7116
46 4587
46 1792
46 183
46 294
46 11411
46 11063
46 464
46 16639
46 18455
46 4766
46 540
46 10387
46 193
46 316
46 3510
46 10505
46 10255
46 2918
46 2194
46 660
46 11965
46 11100
46 107
46 3629
46 123
46 210
46 3004
46 1712
46 5200
46 883
46 1010
46 593
46 2976
46 7885
46 747
46 4513
46 1666
46 157
46 321
46 770
46 388
46 1264
46 1916
46 12419
46 3613
47 90
47 1184
47 17750
47 8936
48 1401
48 12713
48 19333
49 227
49 6975
49 8436
49 10730
49 603
49 853
49 1396
49 9815
49 1846
49 4511
49 646
49 427
49 846
49 833
49 938
49 1179
49 838
49 2135
49 91
49 244
49 831
49 921
49 8526
49 4874
49 20821
49 203
49 829
49 842
49 1882
49 3872
49 6942
49 12844
49 15593
49 16885
49 17575
49 3609
49 4259
49 5057
49 11277
49 11823
49 12631
49 845
49 888
49 767
49 5196
49 827
49 3045
49 461
49 3003
49 4049
49 7863
49 8504
49 8565
49 9691
49 10336
49 10470
49 10579
49 11510
49 11795
49 12052
49 12210
49 12847
49 12850
49 12859
49 12860
49 12858
49 12857
49 12853
49 12855
49 17631
49 12854
49 12856
49 18842
49 20418
49 20637
49 20763
49 20820
49 21046
49 21093
49 21438
49 21515
49 1200
49 851
49 8252
49 900
49 1384
49 1385
49 634
49 3061
49 7700
49 470
49 277
49 548
49 18894
49 20988
49 21600
49 19049
49 18237
49 19239
49 20929
49 12010
49 18822
49 15749
49 12188
49 11993
49 21585
49 1172
49 16706
49 2552
49 11838
49 21561
49 18889
49 4043
49 12189
49 21257
49 21113
49 16115
49 11852
49 11308
49 19366
49 17202
49 9926
49 4840
49 5240
49 19085
49 15779
49 9546
49 9866
49 1
49 1662
49 2258
49 3528
49 4520
49 5864
49 7515
49 7868
49 8568
49 9075
49 9775
49 10997
49 11578
49 13559
49 13666
49 14937
49 16718
49 17569
49 18818
49 19580
49 20051
49 20493
49 20955
49 21081
49 21564
49 15397
49 9375
49 20828
49 18799
49 9445
49 21351
49 10466
49 876
49 778
49 21076
49 19333
49 1847
49 3523
49 2749
49 4496
49 7511
49 9038
49 10417
49 11630
49 12120
49 12852
49 12861
49 15750
49 17574
49 18755
49 2672
49 2673
49 2674
49 12842
49 19390
49 1193
49 733
49 976
49 124
49 8084
49 11411
49 3505
49 870
49 458
49 4618
49 9059
49 12722
49 19267
49 834
49 991
49 626
49 7695
49 414
49 47
49 1609
49 645
49 1401
49 371
49 1079
49 3356
49 12565
49 17505
49 21080
49 860
49 3591
49 1372
49 1373
49 1374
49 5773
49 6957
49 8315
49 775
49 560
49 641
49 10725
49 11822
49 12496
49 13572
49 16350
49 854
49 7528
49 8032
49 10382
49 12848
49 6
49 1392
49 2547
49 2667
49 9812
49 17882
49 21181
49 9041
49 11526
49 1359
49 1360
49 1362
49 1363
49 615
49 1466
49 3943
49 8146
49 9236
49 3536
49 4172
49 5561
49 7230
49 8090
49 9150
49 10043
49 10464
49 13576
49 13594
49 1984
49 6843
49 12267
49 2856
49 7726
49 830
49 2583
49 673
49 3084
49 21248
49 1187
49 19769
49 17334
49 21073
49 1345
49 19108
49 11711
49 3853
49 5673
49 8000
49 11020
49 12081
49 1008
49 2374
49 1191
49 10332
49 20931
49 21507
49 19966
49 4289
49 12369
49 21489
49 21535
49 3118
49 5554
49 8030
49 9787
49 796
49 857
49 226
49 836
49 1948
49 1949
49 1126
49 839
49 90
49 9179
49 9088
49 10389
49 11542
49 21260
49 18003
49 21251
49 7694
49 8834
49 12491
49 18951
49 13491
49 6574
49 19809
49 4309
49 1851
49 3880
49 6160
49 4559
49 13846
49 7783
49 5857
49 3417
49 11312
49 8341
49 15710
49 19349
49 9737
49 10533
49 8290
49 4210
49 7448
49 2232
49 6587
49 11562
49 12047
49 14790
49 1778
49 7293
49 5519
49 20759
49 20534
49 20738
49 20696
49 21415
49 21250
49 21541
49 21472
49 21542
49 11481
49 21511
49 21450
49 21430
49 11372
49 21637
49 340
49 1304
49 1451
49 21583
49 8534
49 12160
49 16909
49 15596
49 21112
49 2102
49 13067
49 17206
49 20792
49 21037
49 4255
49 18739
49 9045
49 10203
49 12465
49 1572
49 6511
49 6800
49 16993
49 9119
49 1813
49 1814
49 1817
49 1816
49 1815
49 10501
49 12192
49 16248
49 15950
49 18693
49 18212
49 21607
49 17476
49 21187
49 9073
49 8726
50 21579
50 938
50 15397
50 21637
50 10466
50 8205
50 1949
50 12522
50 15095
50 19074
50 21438
50 18763
50 17202
50 20942
51 8081
51 1866
51 8468
51 1662
52 11897
52 17659
52 18253
52 14796
52 12160
52 12601
52 6843
52 8625
52 10292
52 19929
52 20353
52 1865
53 2535
53 1572
53 7990
53 2816
53 12357
53 8034
53 17093
54 3118
54 5196
54 5864
54 9179
54 15397
54 44
54 12852
54 7868
54 12405
54 1984
54 12189
54 2911
54 227
54 13927
54 17574
54 5808
54 9309
54 1609
54 4598
54 10912
54 991
54 5861
55 13866
55 1172
55 1882
55 2258
55 1940
55 322
55 209
55 11583
55 360
55 837
55 886
55 7587
55 5404
55 1667
55 1164
55 9687
55 32
55 44
55 90
55 1
55 371
55 109
55 457
55 284
55 2529
55 174
55 631
55 12210
56 3528
56 4520
56 5864
56 8568
56 2749
56 9075
56 8504
56 5240
56 5673
56 5554
56 13559
56 12842
56 9309
56 3119
56 5147
56 16115
56 19333
56 12537
56 19085
56 19390
56 18162
56 1172
56 18822
56 8451
56 16350
56 21250
56 18108
56 15028
56 21331
56 20792
56 12090
56 16116
56 20039
56 8205
56 18453
56 9732
56 19929
56 2280
56 15453
56 10045
56 7926
57 3096
57 2026
57 834
57 5450
57 5454
58 11481
58 21542
58 17137
59 18894
59 2479
59 649
59 18889
59 897
59 13866
59 5606
59 3510
59 11762
59 439
59 1071
59 12369
60 21595
60 15260
60 19403
60 7878
60 20472
61 7555
61 3130
61 9496
61 3799
62 16806
62 21271
62 3619
62 19115
63 2104
63 17230
63 2729
63 4917
63 16090
63 13678
63 12331
63 5504
63 2841
63 3493
64 13880
64 8744
64 226
64 21159
64 838
65 5128
65 780
65 2524
65 7130
65 7180
65 413
65 9364
65 10012
65 16643
65 1352
65 10912
66 20260
66 21476
66 21616
67 21511
67 2525
67 20420
67 10432
67 11510
67 19939
68 21451
68 21594
68 9819
69 16504
69 1946
69 21534
69 21037
69 4277
69 13943
69 13742
70 3591
70 7783
70 10691
70 5870
70 182
70 1945
70 8720
70 3298
70 4831
70 10018
70 10690
70 259
70 1127
70 21073
70 1345
70 889
71 21260
71 16760
71 9277
71 15375
71 20062
72 19108
72 9088
72 6698
72 3061
72 11125
72 244
73 2198
73 1658
73 4601
73 1207
74 214
74 7700
74 5519
75 1354
75 21624
75 16618
75 2515
75 9261
75 21610
76 6975
76 21561
76 10091
76 9110
76 7020
76 12847
76 12855
76 12210
76 12856
76 9375
76 857
76 12850
76 14536
76 13559
76 14669
76 9775
76 20820
76 18842
76 19049
76 1
76 9624
76 10243
76 12842
76 2258
76 11585
76 11054
76 10579
76 13892
76 11795
76 3065
76 12844
76 11629
76 10731
76 3666
76 18889
76 10487
76 5147
76 16885
76 10592
76 9141
76 12848
76 2552
76 11624
76 12660
76 8303
76 18465
76 3853
76 11676
76 8630
76 8526
76 11124
76 12394
76 7586
76 8248
76 20945
76 3930
76 11523
76 7697
76 2466
77 2653
77 21600
77 7899
77 1139
77 1143
77 1963
77 5808
77 1612
77 21122
77 11054
77 3609
77 2301
77 5240
77 277
77 4043
77 461
77 845
77 5568
77 2913
77 11790
77 1197
77 571
77 4795
77 1041
77 8944
77 8021
77 4991
77 2427
77 7077
77 2992
77 4840
77 10579
77 16909
77 5114
77 15047
77 684
77 20988
77 9457
77 18465
77 1383
78 21600
78 13898
78 11405
79 4521
79 8574
79 7868
79 3872
79 3528
79 967
79 9041
79 11526
79 13618
79 1699
79 4253
80 21594
80 21618
80 10910
80 10862
80 17946
81 833
81 13906
81 19333
81 2487
81 3335
81 15873
81 4654
81 746
81 11523
81 11308
81 8292
81 3930
81 9866
81 6733
81 8916
81 8807
81 9931
81 8381
81 10018
82 4772
82 1376
82 3707
83 8341
83 5653
83 6905
83 12998
83 19675
83 3381
83 21633
84 21122
84 21585
84 15749
84 18032
84 15256
84 21582
84 21022
84 21564
85 1401
85 12021
85 13846
85 2921
85 21251
85 9691
85 4521
86 21451
86 4037
86 21638
87 21480
87 11795
87 12991
87 20734
87 1921
87 2327
87 2808
87 2925
87 4263
87 5052
87 6243
87 8210
87 8509
87 8682
87 9395
87 9929
87 10475
87 12847
87 12858
87 12998
87 13354
87 14379
87 363
87 739
87 1128
88 18003
88 19201
88 16884
88 7726
88 16350
88 16269
88 14669
88 10643
88 14182
88 10
89 3162
89 12570
89 2787
89 20048
89 19836
89 2848
89 12083
89 17602
90 6227
90 11894
90 18613
90 1088
90 4480
91 21618
91 8772
91 21624
91 16468
91 17214
91 20010
92 4728
92 5808
92 6911
92 5568
92 5555
92 2581
92 5668
92 7142
92 2155
92 14101
92 2105
92 796
93 603
93 853
93 227
93 203
93 831
93 4874
93 5680
93 4517
93 5052
93 4753
93 10801
93 18894
93 19085
93 18889
93 13067
93 12510
93 11215
93 900
93 1384
93 1385
93 3766
93 1
93 1662
93 455
93 2133
93 1188
93 458
93 4618
93 911
93 1071
93 1391
93 3118
93 4840
93 5240
93 3918
93 5864
93 3528
93 4520
93 277
93 226
93 1846
93 5057
93 11838
93 11308
94 8126
94 7959
94 2730
94 7899
94 7700
94 9027
94 11308
95 21585
95 4840
95 20438
95 21248
95 20988
95 19865
96 16383
96 798
96 17568
96 19456
96 14488
96 5175
96 18110
96 3771
97 8714
97 10708
97 893
97 1528
97 8130
97 335
97 21507
97 1172
97 1466
97 6846
97 7523
98 17870
98 3283
98 11555
99 8315
99 1789
99 7415
99 90
99 2830
99 6686
99 857
99 14609
99 2353
99 9824
99 11528
99 18590
99 14109
99 8064
99 8504
99 7528
99 759
99 796
99 1876
99 1919
99 1727
100 15201
100 2218
100 19336
100 1247
101 15631
101 21638
101 11412
102 11993
102 2514
102 829
102 840
102 1197
102 10730
102 11838
102 10579
102 10043
103 603
103 857
103 831
103 1052
103 827
103 244
103 47
103 414
103 853
103 2135
103 845
103 461
103 227
103 1846
103 14101
103 8436
103 836
103 44
103 9815
103 12188
103 895
103 733
103 900
103 833
103 470
103 921
103 458
103 90
103 3118
103 6574
103 758
103 353
104 1008
104 20571
104 20472
104 1102
105 8770
105 1757
105 3294
105 1052
106 19545
106 8276
106 2054
106 21594
107 6795
107 4220
107 2617
107 846
107 11595
107 15602
107 16830
108 2183
108 21461
108 1487
109 9834
109 541
109 10129
110 2672
110 21328
110 2673
110 21582
111 18753
111 21489
111 20942
111 1641
111 11850
111 10449
111 20734
111 10466
111 5857
111 10743
112 8888
112 21189
112 7283
113 8608
113 20573
113 13799
113 19807
113 13893
113 17408
113 20372
113 17092
113 21011
113 20003
113 15758
113 16852
113 18157
113 20110
113 20367
113 19200
113 19873
113 17739
113 17718
114 17196
114 18114
114 17222
114 18102
114 18000
114 17633
114 18152
115 3732
115 6293
115 7920
115 2509
115 5355
115 4160
116 633
116 9595
116 15749
116 11549
116 227
116 10375
116 1441
116 2102
116 15779
117 1609
117 311
117 626
117 845
117 414
117 47
117 868
118 7958
118 2220
118 5004
118 230
118 633
118 654
119 2161
119 2615
119 5835
119 10466
119 1528
120 8081
120 3522
120 3465
120 12279
121 21616
121 21647
121 21648
121 21649
121 7830
121 9754
121 5218
122 1192
122 18536
122 12111
122 69
123 13278
123 12660
123 13512
124 1780
124 21639
124 3664
124 939
125 12921
125 1528
125 12496
125 13572
125 14071
126 2565
126 5393
126 6702
126 21250
126 11201
126 7668
126 7868
127 21178
127 12189
127 21328
128 4850
128 7476
128 4220
128 5066
128 6588
128 9747
128 9649
128 3606
128 8898
128 8854
128 9422
128 17951
128 2459
128 4326
129 20514
129 5379
129 7904
130 151
130 1867
130 21473
131 21535
131 8916
131 13559
131 3528
131 12858
131 4520
131 436
132 790
132 1804
132 5475
132 19092
132 2000
132 5384
133 4598
133 21624
133 13993
133 14182
133 21651
133 767
133 21543
134 5116
134 203
134 427
134 829
134 1638
134 891
134 1392
134 3131
134 5832
134 6107
134 6223
134 6409
134 6924
134 7376
134 7415
134 7609
134 8061
134 8599
134 9370
134 10130
134 11123
134 2100
134 2131
134 2190
134 3667
134 6475
134 3420
134 117
134 541
134 1669
134 3223
134 5424
134 8807
134 12853
134 14566
134 15606
134 19333
134 3611
134 904
134 9050
134 847
134 1086
134 112
134 983
134 2416
134 8045
134 15028
134 2921
134 4289
134 16718
134 19328
134 5218
134 9328
134 9097
134 8062
134 11915
134 6536
134 2651
134 10914
134 8834
134 14043
134 12858
134 15609
134 10302
134 15474
134 6983
134 3528
134 796
134 8252
134 2925
134 6574
134 4620
134 849
134 3814
134 1514
134 414
134 9866
134 3118
134 449
134 3853
134 18237
134 7589
134 3214
134 8313
134 888
134 7510
134 7036
134 2976
134 1146
134 3609
134 5057
134 4259
134 13491
134 1846
134 3417
134 2192
134 830
134 7726
134 16804
134 5629
134 11244
134 3295
134 11598
134 11838
134 14008
134 8625
134 1811
134 12188
134 9309
134 21284
134 3734
134 19903
134 8341
134 9462
134 10547
134 1521
134 5861
134 19510
134 16324
134 1757
134 21093
134 21497
134 12570
134 20534
134 7044
134 20637
134 12591
134 16786
134 20611
134 1505
134 7848
134 1344
134 21542
134 21310
134 20584
134 20591
134 20605
134 20742
134 1908
135 151
135 1867
135 21473
136 244
136 18237
136 5057
136 21585
136 21561
136 1401
136 2583
136 4289
136 4259
136 47
136 3609
136 4517
136 21515
136 21401
136 11308
136 12188
136 10730
136 18799
136 7594
136 836
136 5196
136 3583
136 2552
136 18894
136 900
136 12392
136 19049
136 20929
136 17942
136 19239
136 19085
136 17750
136 20090
136 18951
136 19333
136 829
136 203
136 20637
136 9075
136 15750
136 1
136 842
136 12855
136 12010
136 3061
136 876
136 9624
136 12159
136 12210
136 11962
136 8568
136 12052
136 12856
136 831
136 7726
136 1187
136 11208
136 12143
136 10043
136 10464
136 9775
136 277
136 14714
136 5864
136 12394
136 8504
136 12852
136 13792
136 14669
136 4840
136 4520
136 3528
136 3118
136 2749
136 9445
136 3536
136 4172
136 5561
136 2921
136 3901
136 3853
136 10579
136 5673
136 7230
136 12491
136 6942
136 4496
136 3766
136 8292
136 8090
136 9150
136 8284
136 9041
136 10725
136 9309
136 11707
136 9691
136 11277
136 7257
136 2924
136 12661
136 10417
136 3484
136 10336
136 12857
136 10470
136 7511
136 9814
136 5568
136 10290
136 3089
136 12120
136 11510
136 7918
136 15593
136 12860
136 5633
136 11161
136 15749
136 7515
136 10045
136 2610
136 8000
136 13067
136 10561
136 2915
136 9410
136 10888
136 5628
136 11555
136 8661
136 10090
136 12850
136 11526
136 9038
136 10741
136 3918
136 8436
136 9926
136 9815
136 9448
136 10734
136 6975
136 19449
136 11584
136 1331
136 17722
136 7868
136 15624
136 9546
136 13491
136 8252
136 1984
136 20820
136 980
136 11565
136 11585
136 16836
137 830
137 1143
137 10071
137 8367
138 21600
138 10283
138 21582
139 21648
139 21575
139 20008
140 19049
140 15515
140 21535
140 21178
140 21522
140 20947
140 20009
140 19429
141 21637
141 21583
141 141
141 37
141 21101
141 5835
141 21580
141 21621
141 21629
141 21651
142 20988
142 14485
142 12848
142 21576
142 21585
142 21248
142 16583
142 645
142 15453
142 882
142 767
142 18889
143 2785
143 21617
143 886
143 427
144 1608
144 2777
144 2185
144 7468
145 11713
145 20965
145 21596
145 21574
145 21146
145 21321
145 57
145 10692
145 20801
145 19448
145 18594
145 8812
145 17191
145 18442
145 18835
145 7058
145 21567
145 20782
146 21275
146 18050
146 13221
146 13220
146 9245
146 13272
146 2933
147 4682
147 11838
147 20747
147 11938
147 5355
147 4283
148 7256
148 21334
148 20307
148 21307
148 21452
148 20731
148 21460
148 21608
148 9044
148 21512
148 19411
148 14859
148 17044
149 244
149 18894
149 603
149 853
149 414
149 2135
149 836
149 4043
149 21561
149 227
149 18237
149 845
149 8436
149 626
149 12010
149 9815
149 1846
149 634
149 427
149 9027
149 847
149 21624
149 630
149 19239
149 5808
149 12369
149 15749
149 17202
149 815
149 1392
149 12857
149 1925
149 2925
149 1790
149 1067
149 21585
149 21480
149 21122
149 21248
149 21594
149 21515
149 1948
149 625
149 2804
149 844
149 21489
149 20940
149 21511
149 21271
149 7726
149 1230
150 2135
150 414
150 244
150 1187
150 9815
150 12010
150 461
150 8436
150 12852
150 827
150 767
150 226
150 1846
150 12188
150 829
150 1637
150 277
150 2054
150 876
150 5196
150 11838
150 10730
150 11308
150 10579
150 12491
150 12189
150 845
150 2856
150 603
150 4309
150 12369
150 2911
150 853
150 834
150 854
150 4043
150 840
150 47
150 7700
150 3523
150 227
150 560
150 3061
150 1641
150 5857
150 203
150 1612
150 9448
150 9410
150 8020
150 21585
150 470
150 1544
150 2290
150 1132
150 1149
150 32
150 5561
150 427
150 4295
150 1172
150 1984
150 2583
150 1401
150 3609
150 838
150 888
150 16
150 3084
150 3068
150 1041
150 9027
150 91
150 1126
150 851
150 645
150 1200
150 44
150 8847
150 6
150 7726
151 9677
151 8938
151 6121
151 9582
151 8087
151 8504
151 11555
152 21650
152 10556
152 10547
153 2141
153 6743
153 16618
154 21522
154 3583
154 827
154 21107
155 10741
155 833
155 938
155 1179
155 10969
155 15886
155 3309
156 4728
156 19108
156 1143
156 1945
156 2744
156 2353
156 778
156 21076
156 1332
156 560
156 2856
156 1276
156 4923
156 1200
156 624
156 1961
156 854
156 5017
156 947
156 861
156 877
156 757
156 5408
156 874
156 1149
156 1097
156 5490
156 881
156 1658
156 5114
156 3101
156 4995
156 20060
156 2007
156 4777
156 2147
156 3846
156 3119
156 5151
156 2295
156 9644
156 1792
156 6867
156 4953
156 470
156 10018
156 630
156 9353
156 9420
156 8535
156 20047
156 8590
156 8991
156 3129
157 21002
157 20614
157 20352
157 20824
158 15333
158 20566
158 20530
158 21563
158 19272
159 21646
159 7038
159 13576
159 1940
159 8471
160 10012
160 9707
160 2552
160 10466
160 21595
160 9027
161 16509
161 11036
161 5716
161 20759
162 16809
162 10018
162 11102
162 226
163 5294
163 8297
163 21616
163 2055
163 591
163 5224
163 2528
163 1164
163 7225
163 1961
163 21521
163 2
163 6574
163 4840
163 3549
163 5175
163 4434
163 904
163 625
163 758
163 1960
163 1945
163 9088
163 5196
164 12156
164 3281
164 12853
165 12157
165 17670
165 21633
165 4654
165 10514
165 21595
165 17677
165 10503
165 19074
166 14698
166 19463
166 15622
166 21635
167 6768
167 18190
167 16437
167 1366
167 18136
168 12188
168 4299
168 845
168 10561
168 15256
168 4043
168 1126
168 8661
168 603
168 19239
168 626
168 12392
168 20988
168 5808
168 19333
168 461
168 900
168 11161
169 21561
169 18237
169 8625
169 4090
170 11720
170 20990
170 6414
170 1912
170 21172
170 11464
171 2066
171 16468
171 19030
172 461
172 2135
172 1846
172 2856
172 4172
172 4620
172 4840
172 8568
172 9445
172 9546
172 9088
172 12852
172 13559
172 10044
172 4517
172 3930
172 7257
172 3417
172 2924
172 5250
172 7527
172 3356
172 19239
172 2915
172 8526
172 11555
172 2871
172 7125
172 11124
172 2459
172 8726
172 21350
172 17409
172 10609
172 8892
172 9424
172 15039
172 10072
172 7581
172 8397
172 9624
172 12663
172 7846
172 6553
172 11866
172 21270
172 1847
172 20696
172 21251
172 21281
172 21439
172 21328
172 21037
172 1008
172 1944
172 7485
172 9261
172 18429
172 16842
172 11528
172 10283
172 3766
172 6953
172 1172
172 6733
172 11012
172 1093
172 3402
172 1424
172 37
172 2518
172 4377
172 1919
172 4264
172 21073
172 2957
172 1727
172 1088
172 19049
172 2552
172 15987
172 13866
172 2013
172 284
172 10675
172 15474
172 15277
172 12259
172 1612
172 11213
172 1391
172 18889
172 2772
172 12491
172 18003
172 15607
172 8811
172 7537
172 44
172 16639
172 5693
172 17892
172 3593
172 19538
172 7416
172 9468
172 5187
172 9172
172 9608
172 9373
172 7236
172 203
172 17965
172 8608
172 10637
172 1984
172 1143
172 17202
172 7877
173 829
173 203
173 3919
173 4521
173 20929
173 9815
173 19085
173 842
173 19390
174 7593
174 628
174 5970
175 21638
175 18414
175 17715
175 6621
175 19635
175 18244
175 17576
175 17739
175 18863
175 17911
175 18540
175 20343
175 17251
175 20821
175 15377
175 12707
175 11489
175 12254
175 10171
175 10873
175 13315
175 11585
176 18237
176 10579
176 1
176 12394
176 2624
176 1193
176 21585
176 7257
176 6638
176 8539
176 33
176 112
176 21401
176 21594
176 1149
176 3528
176 3118
176 10336
176 9814
176 7560
177 7868
177 10321
177 5601
178 810
178 897
178 9241
179 21122
179 21076
179 8869
179 5023
180 16618
180 18269
180 8247
180 18419
180 19990
181 21257
181 21351
181 20596
181 21122
181 21489
181 3292
181 20830
181 21480
182 4103
182 152
182 20138
183 21564
183 18237
183 21561
183 21589
184 21610
184 21651
184 4142
185 845
185 630
185 1392
185 8914
185 603
185 853
185 836
185 827
185 626
185 634
185 244
185 882
185 47
185 834
185 625
185 839
185 2499
185 1396
185 3609
185 2236
185 5057
185 4259
185 8436
185 1846
185 9815
185 9027
185 11308
185 8568
185 12010
185 1041
185 9546
185 9445
185 8504
186 21602
186 21081
186 21637
186 21600
187 19882
187 7733
187 8234
187 2026
188 2030
188 2031
188 20594
188 2029
188 5315
188 1709
188 3355
188 6807
188 21431
189 20564
189 18209
189 4806
189 4295
189 9136
189 20048
189 1289
189 2966
189 21650
190 5677
190 8284
190 7667
190 2552
191 2985
191 7848
191 1477
191 21600
191 18867
191 14283
191 810
191 4062
192 4889
192 13866
192 1187
192 921
192 492
192 733
192 2102
192 1474
192 1612
192 7926
192 6942
192 1052
193 372
193 133
193 887
193 154
193 1895
193 408
193 157
193 1703
193 1335
193 2546
193 547
193 1128
193 696
193 2347
193 2286
193 1275
193 1351
193 992
193 2316
193 1632
193 2709
193 1620
193 1580
193 1649
193 84
193 3149
193 2008
193 2053
193 1123
193 1189
193 11125
193 2368
193 193
193 3259
193 786
193 728
193 1792
193 3655
193 856
193 956
193 2908
193 1644
193 1785
193 2123
193 8517
193 3344
193 105
193 2669
193 873
193 1841
193 1966
193 1277
193 4933
193 2130
193 1682
193 168
193 224
193 3989
193 795
193 1473
193 2101
193 1686
193 2150
193 2512
193 3298
193 2974
193 2183
193 2235
193 4880
193 1960
193 3049
193 2788
193 2202
193 1192
193 3232
193 1766
193 1283
193 2109
193 1450
193 2559
193 1597
193 272
193 8359
193 929
193 924
193 506
193 1294
193 534
193 396
193 1761
193 4252
193 75
193 1745
193 811
193 234
193 788
193 5552
193 2641
193 809
193 2510
193 898
193 1425
193 149
193 1017
193 1347
193 3817
193 1395
193 1495
193 4923
193 12848
193 1706
193 2361
193 1602
193 985
193 380
193 345
193 1765
193 2492
193 1398
193 1121
193 2530
193 2344
193 2350
193 2362
193 3098
193 1965
193 1219
193 1134
193 3248
193 1346
193 373
193 2474
193 2936
193 2658
193 1689
193 1972
193 2451
193 920
193 2450
193 3136
193 4854
193 1656
193 4276
193 1301
193 1137
193 1654
193 6556
193 3388
193 2332
193 1516
193 3045
193 2671
193 4975
193 1541
193 2675
193 3106
193 3647
193 1630
193 999
193 2950
193 776
193 1809
193 2200
193 2937
193 1581
193 2688
193 5509
193 2521
193 2309
193 1348
193 1292
193 9973
193 2369
193 2033
193 5495
193 5040
193 1573
193 2995
193 5355
193 2654
193 1201
193 4480
193 4741
193 5671
193 323
193 2762
193 3230
193 2548
193 663
193 9961
193 4687
193 5123
193 1479
193 600
193 1249
193 3317
193 17268
193 231
193 2967
193 3147
193 5811
193 2229
193 1648
193 3367
193 3266
193 10812
193 4467
193 3236
193 2681
193 5663
193 1003
193 2626
193 5608
193 1356
193 395
193 3165
193 1434
193 3462
193 4345
193 9761
193 4780
193 616
193 3093
193 4929
193 15013
193 3564
193 2352
193 2318
193 3043
193 2315
193 3495
193 2842
193 1871
193 3265
193 11152
193 5024
193 2448
193 95
193 212
193 2003
193 3107
193 3478
193 1751
193 6334
193 1589
193 3050
193 5576
193 3285
193 18536
193 267
194 1645
194 15748
194 7419
195 1127
195 21610
195 21614
196 2055
196 21512
196 21521
196 21482
196 21610
197 20988
197 846
197 3853
197 21439
197 2976
197 11481
197 21542
197 21596
197 16702
197 4633
197 8087
197 12593
197 7178
197 1940
197 2714
197 463
197 21281
197 1528
197 1876
197 14937
197 20873
197 20955
197 754
197 1052
197 19154
197 13892
198 3753
198 548
198 391
198 595
198 7809
198 2469
199 21645
199 3454
199 21357
199 890
200 21600
200 11975
200 7162
200 3223
201 19870
201 3901
201 5692
201 8116
202 7931
202 11491
202 10387
202 10079
203 20795
203 947
203 6475
203 957
204 9242
204 21600
204 7240
205 5861
205 7180
205 7733
205 8234
205 8785
205 9364
205 10012
205 21628
205 16643
206 21179
206 17147
206 18110
206 21401
207 21553
207 839
207 2157
207 18381
207 6793
207 4444
208 19682
208 463
208 20821
208 20630
208 244
208 20780
208 9546
208 457
208 44
208 461
208 8770
208 20820
208 20667
208 284
208 9088
208 11054
208 21250
208 21113
208 9075
208 11209
208 32
208 1596
208 371
208 439
208 277
208 47
208 895
208 20759
208 227
208 458
208 20320
208 10464
208 9926
208 20806
208 9815
208 2135
208 1846
208 1825
208 12842
208 21497
208 1172
208 1401
208 19202
208 21185
208 21248
208 1200
208 1187
208 21073
208 21480
208 9778
208 20059
208 11711
208 10584
208 10730
208 21273
208 1193
208 12860
208 1919
208 3609
208 20743
208 20735
208 2280
208 470
208 11852
208 11850
208 10375
208 16583
208 12852
208 11707
208 11308
208 11286
208 10956
208 12853
208 11762
208 2856
208 21001
208 5057
208 4259
208 2921
208 10596
208 14485
208 10383
208 21076
208 2583
208 10504
208 17963
208 21383
208 10298
208 18003
208 11962
208 11012
208 21585
208 21472
208 12143
208 13846
208 11125
208 21397
208 3528
208 3624
208 2911
208 4520
208 2830
208 15397
208 15350
208 5203
208 11096
208 18951
208 14101
208 12210
208 12376
208 12660
208 11783
208 12188
208 4289
208 21122
208 20929
208 3061
208 21589
208 13559
208 12189
208 11993
208 11717
208 12491
208 11210
208 4043
208 12124
208 3611
208 15750
208 20514
208 4836
208 5052
208 6627
208 4169
208 21112
208 20051
208 13837
208 5196
208 17569
208 6975
208 12392
208 14977
208 13067
208 14669
208 16115
208 13866
208 12537
208 12646
208 7515
208 15453
208 7868
208 15028
208 6960
208 15515
208 9027
208 4620
208 17946
208 5864
208 20372
208 20418
208 21511
208 4309
208 20819
208 19316
208 630
208 7726
208 21498
208 11213
208 8436
208 12405
208 12856
208 7700
208 15607
208 16915
208 15596
208 18057
208 16420
208 16350
208 12855
208 9375
208 15749
208 7560
208 7594
208 8539
208 8847
208 7694
208 8284
208 8315
208 8625
208 15256
208 16737
208 21091
208 9445
208 18947
208 16702
208 16706
208 18237
208 9775
208 21061
208 16708
208 8192
208 20739
208 17202
208 17334
208 1331
208 8126
208 8598
208 19769
208 20988
208 829
208 91
208 646
208 203
208 11798
208 19049
208 15779
208 12010
208 17411
208 831
208 732
208 827
208 21515
208 840
208 18889
208 18894
208 18110
208 18453
208 18465
208 17750
208 18842
208 20086
208 19390
208 20714
208 20799
208 876
208 20273
208 21561
208 21328
208 21395
208 778
208 8568
208 427
208 870
208 19776
208 842
208 923
208 733
208 11838
208 1338
208 3084
208 2102
208 830
208 19239
208 10579
208 18822
208 9624
208 1345
208 854
208 845
208 20773
208 900
208 18913
208 20637
208 13491
208 12857
208 921
208 10471
209 21594
209 21610
209 21561
210 1758
210 1760
210 1759
210 4091
210 19836
210 4930
210 3433
210 4717
210 16946
210 19753
210 2608
210 19545
211 3922
211 2882
211 4464
211 20005
211 7525
211 9295
211 19390
212 15322
212 4043
212 460
212 4831
212 5250
213 1847
213 7167
213 10493
214 5907
214 2613
214 6094
214 2499
214 3814
214 11414
214 2236
214 732
214 4992
214 4915
214 2225
214 5637
214 645
214 2502
214 1912
214 1551
214 886
214 2651
214 2215
214 2117
214 7975
214 671
214 3622
214 2630
214 1962
214 640
214 5667
214 1326
214 2560
214 5317
214 649
214 638
214 3664
214 897
214 6093
214 834
214 3140
214 1308
214 8606
215 21511
215 1383
215 20630
215 20988
215 20929
215 2707
216 21402
216 6729
216 6561
217 18237
217 1846
217 4259
217 8436
217 7230
217 5057
217 8568
217 3609
217 458
217 12857
217 15750
217 5864
217 9075
217 1
217 3528
217 4520
217 7868
217 13559
217 2258
217 9775
217 20051
217 17569
217 7515
217 11578
217 14937
217 18818
217 3118
217 12394
217 20493
217 8539
217 5554
217 18122
217 3918
217 3901
217 8116
217 5692
217 11277
217 11823
217 12631
217 1983
217 9815
217 2583
217 4620
217 6975
217 3853
217 8504
217 9445
217 3536
217 10730
217 4172
217 11838
217 5673
217 7926
217 8770
217 6942
217 3872
217 7528
217 8090
217 9150
217 10043
217 8284
217 9624
217 1288
217 7783
217 16014
217 4511
217 4874
217 9088
217 12844
217 6627
217 9691
217 3624
217 7257
217 8509
217 10199
217 14669
217 7020
217 9814
217 3089
217 8088
217 3162
217 19049
217 8000
217 16583
217 8570
217 6733
217 11208
217 3403
217 1599
217 8134
217 15749
217 8111
217 21351
217 4473
217 2518
217 284
217 457
217 1700
217 2515
217 1927
217 1087
217 1451
217 8058
217 6953
217 3159
217 7964
217 9242
217 6783
217 8985
217 8248
217 5827
217 505
217 10450
217 186
217 20327
217 3947
217 2210
217 2753
217 21561
217 9824
217 21618
217 5263
217 59
217 4213
217 829
217 591
217 16718
217 4615
217 12853
217 7017
217 10015
217 11583
217 14175
217 10959
217 7525
217 12159
217 3065
217 4524
217 9110
217 8030
217 6755
217 10389
217 4625
217 7689
217 20630
217 8059
217 8804
217 3834
217 10956
217 8517
217 4627
217 20820
217 9739
217 7550
217 11663
217 10873
217 8265
217 8765
217 21076
217 17965
217 14368
217 1100
217 1876
218 21616
218 21647
218 21649
219 846
219 15609
219 21401
219 947
219 626
219 11711
219 1539
219 461
219 4166
219 842
219 203
219 829
219 15552
219 11639
219 353
219 21561
219 463
219 18465
219 13285
219 5554
219 371
219 455
219 4876
220 21600
220 21420
220 10877
220 4394
220 21511
220 21144
221 5865
221 4851
221 6779
221 8090
221 7694
221 16842
221 17635
221 20619
221 15115
221 17473
221 10464
221 5147
221 3054
221 21600
221 390
221 9424
221 8985
221 10742
221 10863
221 1933
221 725
222 1528
222 20566
222 9792
223 8192
223 12210
223 1120
223 244
223 853
223 8292
223 830
223 9150
223 836
223 13559
223 8770
223 10044
223 4043
223 5057
223 3609
223 4259
223 8436
223 4620
223 6975
223 603
223 414
223 845
223 827
223 227
223 461
223 277
223 831
223 1637
223 2135
223 1392
223 634
223 4309
223 1401
223 626
223 548
223 7700
223 9815
223 834
223 796
223 889
223 7433
223 12188
223 3611
223 2054
223 3084
223 7726
223 3591
223 8315
223 840
223 470
223 1172
223 892
223 900
224 6729
224 3484
224 5568
224 3948
224 4263
224 5250
224 5677
224 3415
224 5861
224 4291
224 4876
224 5628
224 3114
224 3918
224 3065
224 6553
224 9815
224 8436
224 3061
224 9075
224 8504
224 5240
224 9445
224 7700
224 7415
224 9027
224 7726
224 11308
224 2921
224 10730
224 8770
224 7560
224 9179
224 8292
224 2714
224 13559
224 9150
224 10043
224 12188
224 7899
224 8284
224 9775
224 15397
224 10464
224 9624
224 4517
224 2552
224 3075
224 9691
224 11852
224 9141
224 8539
224 12394
224 11277
224 4082
224 8032
224 8370
224 9866
224 2741
224 11209
224 8088
224 12858
224 12392
224 11510
224 3361
224 8111
224 7527
224 5633
224 10977
224 12847
224 7515
224 10045
224 2915
224 19239
224 8020
224 10888
224 2871
224 7258
224 11555
224 11208
224 10090
224 11798
224 12850
224 6640
224 11124
224 9375
224 2890
224 10997
224 8807
224 9931
224 4615
224 12853
224 12565
224 3426
224 16350
224 8313
224 7587
224 7017
224 8651
224 8848
224 15581
224 2381
224 7225
224 9391
224 10015
224 10959
224 11523
224 7525
224 4377
224 12159
224 3532
224 2914
224 7141
224 9993
224 5766
224 12210
224 1983
224 876
224 10912
224 796
224 2167
224 2924
224 9546
224 2925
224 2856
224 7868
224 8252
224 11838
224 7230
224 5673
224 9088
224 5052
224 11993
224 7528
224 12842
224 8090
224 4598
224 2896
224 12189
224 7694
224 4831
224 3965
224 10199
224 5147
224 8192
224 10336
224 7020
224 12857
224 5254
224 3162
224 5872
224 15749
224 13846
224 11832
224 11962
224 16718
224 4169
224 6953
224 8471
224 10014
224 889
224 759
224 2102
224 91
224 830
224 1200
224 20764
224 888
224 767
224 227
224 371
224 1
224 47
224 2054
224 44
224 1401
224 1093
224 733
224 265
224 390
224 3901
224 178
224 455
224 2258
224 37
224 641
224 2
224 1662
224 436
224 1528
224 2013
224 852
224 1944
224 9041
224 314
224 3596
224 7077
224 8126
224 918
224 1420
224 976
224 1443
224 243
224 725
224 1847
224 45
224 2354
224 1908
224 9033
224 117
224 1813
224 3821
224 11054
224 10417
224 1288
224 1609
224 1380
224 1378
224 2490
224 632
224 1767
224 564
224 505
224 2466
224 621
224 915
224 1515
224 263
224 12856
224 6890
224 11213
224 1723
224 977
224 276
224 8000
224 266
224 8570
224 1344
224 8661
224 1483
224 4416
224 1582
224 1973
224 1324
224 1923
224 7063
224 11419
224 8424
224 16590
224 19985
224 17498
224 9248
224 14944
224 16934
224 20063
224 9365
224 15424
224 13005
224 5072
224 7687
224 14783
224 4832
224 10927
224 19255
224 19351
224 18557
224 16746
224 1300
224 1345
224 1940
224 1790
224 2007
224 1825
224 3766
224 1052
224 758
224 9309
224 986
224 1223
224 2964
224 2643
224 1276
224 3308
224 1949
224 975
224 1507
224 1447
224 476
224 2133
224 6646
224 2348
224 10471
224 11012
224 718
224 591
224 1779
224 1491
224 2992
224 8200
224 10449
224 1342
224 5244
224 2813
224 2287
224 10592
224 3402
224 8630
224 11596
224 8030
224 19085
224 12156
224 14977
224 4891
224 10389
224 11096
224 3173
224 1718
224 4654
224 7586
224 1379
224 11851
224 11658
224 10243
224 14937
224 1185
224 8277
224 9269
224 3699
224 8968
224 1100
224 711
224 2882
224 728
224 8804
224 12365
224 4473
224 9859
224 11509
224 10232
224 11162
224 7507
224 4850
224 8331
224 4627
224 8741
224 7959
224 4933
224 6783
224 5827
224 3902
224 987
224 2515
224 766
224 732
224 927
224 5862
224 8031
224 2559
224 2349
224 1221
224 9747
224 15560
224 3360
224 17963
224 11837
224 7775
224 2126
224 13441
224 2511
224 7614
224 7546
224 18707
224 3564
224 7803
224 1446
224 4988
224 8398
224 13775
224 8764
224 15077
224 2846
224 8276
224 646
224 18822
224 4277
224 560
224 20092
225 21073
225 15962
225 4522
225 20988
225 8549
225 9180
225 8564
225 10630
225 8486
225 8397
225 9130
225 10424
225 9294
225 5018
226 21113
226 19585
226 8763
226 1289
227 21600
227 21602
227 21610
228 20714
228 21243
228 11334
228 9101
228 7857
228 20471
229 21522
229 1140
229 21001
230 11012
230 11838
230 10389
230 11542
231 21645
231 9261
231 7639
232 9582
232 11941
232 18822
233 831
233 830
233 900
233 1609
233 9179
233 10730
233 91
233 4299
233 18536
233 1439
233 2363
233 1289
233 8632
233 9088
233 1846
233 733
233 1207
233 2135
233 427
233 8252
233 8436
233 5240
234 8772
234 5677
234 2583
235 32
235 2135
235 47
235 227
235 3523
235 7809
235 2054
235 21600
235 6574
235 7899
235 9309
235 767
235 603
235 244
235 8284
235 3591
235 7695
235 5196
235 9075
235 9033
235 5808
235 7560
235 4728
235 5857
235 12842
235 2856
235 1172
235 11962
235 9179
235 9546
235 7415
235 7726
235 11598
235 5052
235 1612
235 10018
235 10977
235 2166
235 8126
235 3061
235 1641
235 7417
235 1071
235 10912
235 1984
235 11852
235 2376
235 4840
235 5240
235 4598
235 2363
235 1439
235 3505
235 3214
235 16627
235 5033
235 5861
235 7180
235 7733
235 5040
235 918
235 5568
235 1944
235 10908
235 17202
235 4560
235 5358
235 504
235 1830
235 625
235 2826
235 2646
235 10334
235 4043
235 7907
235 19293
235 1276
235 2542
235 379
235 18822
235 18894
235 4224
235 14215
235 3359
235 7931
235 8744
235 5203
235 998
235 15235
235 2552
235 2182
235 1039
235 4917
235 1931
235 9960
235 12570
235 2827
235 1864
235 4277
235 13906
235 2167
235 5175
235 644
235 4078
235 4973
235 6621
235 908
235 1528
235 832
235 2570
235 1322
235 1483
235 3954
235 4791
235 839
235 983
235 2459
235 7246
235 3596
235 6640
235 11993
235 9375
235 1345
235 436
235 754
235 2230
235 8668
235 2157
235 265
235 5250
235 5677
235 7510
235 5598
235 3609
235 5057
235 4259
235 8436
235 9815
235 2583
235 3528
235 4520
235 3583
235 2749
235 3901
235 8504
235 9445
235 6843
235 7757
235 3872
235 11838
235 8252
235 8116
235 12210
235 10579
235 7230
235 5673
235 5554
235 8770
235 5692
235 2855
235 6942
235 3766
235 4874
235 10725
235 2514
235 10464
235 10044
235 4517
235 7077
235 12844
235 2716
235 3075
235 3417
235 4082
235 4075
235 3821
235 11054
235 11102
235 3484
235 5555
235 4618
235 2685
235 1753
235 4767
235 1865
235 1050
235 4403
235 42
235 2718
235 3089
235 4263
235 3593
235 12392
235 10743
235 11213
235 13846
235 2391
235 3003
235 8383
235 18934
235 3356
235 19239
235 3071
235 5668
235 5628
235 10090
235 2605
235 2801
235 8916
235 4399
235 8346
235 3767
235 8807
235 4049
235 5749
235 8108
235 8313
235 13576
235 2752
235 8022
235 3532
235 8977
235 12298
235 8200
235 6553
235 14667
235 8630
235 10425
235 3983
235 6755
235 5832
235 4042
235 10675
235 15596
235 7586
235 8276
235 13463
235 8081
235 13615
235 3699
235 11624
235 5063
235 16468
235 7130
235 5865
235 5188
235 12365
235 4473
235 9859
235 7045
235 7530
235 3934
235 4673
235 7959
235 7227
235 12774
235 7117
235 9795
235 8283
235 9397
235 3070
235 8012
235 7485
235 9281
235 9687
235 6698
235 833
235 11910
235 18465
235 15749
235 21113
235 9956
235 6330
235 2819
235 646
235 1164
235 1973
235 1701
235 3694
235 1515
235 2290
235 1372
235 3292
235 9090
235 812
235 29
235 4671
235 6483
235 7310
235 6529
235 6495
235 6531
235 13854
235 112
235 1378
235 2458
235 371
235 277
235 90
235 44
235 561
235 19052
235 7063
235 1344
235 1497
235 4345
235 725
235 1464
235 1500
235 222
235 3118
235 4620
235 6975
235 2897
235 9027
235 3853
235 2911
235 3536
235 4172
235 5561
235 4511
235 2925
235 2921
235 11308
235 10730
235 9150
235 10043
235 12405
235 9691
235 3163
235 8625
235 8315
235 9644
235 4836
235 4291
235 7918
235 2715
235 5872
235 5205
235 12160
235 8526
235 9584
235 11584
235 2773
235 12565
235 3426
235 11882
235 9469
235 4621
235 11583
235 11523
235 4951
235 3969
235 5195
235 3144
235 7127
235 17334
235 13971
235 7667
235 2872
235 5862
235 9050
235 7672
235 5879
235 8869
235 8161
235 8574
235 16909
235 4155
235 7888
235 8189
235 3667
235 9180
235 7477
235 4326
235 8768
235 5854
235 7318
235 3076
235 9252
235 10300
235 4888
235 3433
235 8078
235 5201
235 5241
235 6642
235 9074
235 2895
235 7910
235 3522
235 8833
235 8290
235 1496
235 4434
235 729
235 16589
235 2992
235 5115
235 1498
235 3440
235 5360
235 19810
235 2612
235 673
235 1543
235 796
235 4930
235 1383
235 10130
235 496
235 20644
235 9462
235 3725
235 641
235 4369
235 758
235 645
235 6475
235 11667
235 5432
235 895
235 6573
235 4862
235 626
235 19545
235 636
235 671
235 3186
235 3295
235 1609
235 16804
235 314
235 462
235 3308
235 947
235 995
235 1514
235 886
235 3466
235 21310
235 991
235 4995
235 4196
235 14809
235 12038
235 830
235 899
235 8152
235 172
235 2
235 9088
235 8090
235 6638
235 3119
235 3361
235 12860
235 3004
235 5766
235 8569
235 6747
235 8017
235 7961
235 4151
235 8805
235 5796
235 16842
235 7089
235 4472
235 11313
235 8265
235 7979
235 2142
235 759
235 3232
235 7621
235 19090
235 3360
235 3636
235 11571
235 5566
235 3967
235 10693
235 8564
235 8253
235 14174
235 16737
235 4441
235 2742
235 4755
235 18212
235 9306
235 4668
235 11244
235 9918
235 10900
235 3610
235 15277
235 2916
235 13594
235 15056
235 19103
235 7537
235 3082
235 15084
235 16938
235 1949
235 7430
235 7531
235 7668
235 10418
235 7546
235 6603
235 12141
235 7116
235 6910
235 11739
235 6896
235 2303
235 19030
235 4467
235 13111
235 16639
235 12083
235 7036
235 2814
235 8534
235 9267
235 10289
235 15013
235 7136
235 7233
235 19248
235 10006
235 7680
235 8862
235 3424
235 7650
235 17251
235 4717
235 12208
235 13007
235 2860
235 9304
235 11766
235 4329
235 3009
235 11837
235 1200
235 470
235 18108
235 14203
235 365
235 1616
235 10512
235 11770
235 12337
235 7015
235 8054
235 13742
235 7724
235 7522
235 6615
235 5454
235 10645
235 18387
235 12655
235 8754
235 15137
235 9097
235 7480
235 7943
235 14259
235 4320
235 4004
235 18429
235 8469
235 3453
235 14623
235 14043
235 2359
235 2234
235 2235
235 5044
235 2355
235 16382
235 16381
235 16383
235 931
235 8111
235 3612
235 6326
235 9356
235 12527
235 846
235 7926
235 230
235 9797
235 19554
235 16384
235 3965
235 7257
235 2913
235 8620
235 10299
235 10303
235 14640
235 3817
235 20827
235 1668
235 3513
235 6513
235 16586
235 1299
235 915
235 531
235 18784
235 20578
235 3272
235 19715
235 10812
235 12465
235 11154
235 17376
235 18431
235 18847
235 16385
235 18884
235 18089
235 19516
235 1846
235 840
235 1207
235 838
235 560
235 2509
235 1945
235 1617
235 7848
235 1634
235 2026
235 2053
235 1342
235 19001
235 912
235 16773
235 18536
235 2831
235 8268
235 4729
235 9983
235 5359
235 18555
235 2705
235 7058
235 472
235 9392
235 1585
235 17195
235 17230
235 4148
236 10471
236 21647
236 21648
236 21649
236 21616
236 21582
237 2366
237 7143
237 2250
238 21360
238 8068
238 8327
239 21585
239 21328
239 21600
239 19870
240 21553
240 878
240 21189
240 6106
240 21570
240 13502
241 18448
241 7449
241 18010
241 18239
241 17754
241 18158
241 18213
241 6353
241 20763
242 21638
242 7725
242 1846
242 21351
242 18414
242 15886
242 15873
242 10561
242 414
243 21638
243 21628
243 21639
243 21609
243 21635
243 21633
243 21521
243 21599
243 21627
243 21602
243 21611
243 21601
243 21619
243 21618
243 21350
243 21610
243 21612
243 21596
243 21585
243 21600
243 21469
243 21579
243 21480
243 21582
243 21608
243 21564
243 21595
243 21565
243 21563
243 21594
243 21589
243 21185
243 21590
243 5431
243 2135
243 21174
244 21350
244 2964
244 59
245 14043
245 895
245 8292
246 3017
246 21561
246 21515
246 21600
246 21511
246 21618
246 21553
246 21497
246 21535
246 21501
246 21534
246 21473
246 21438
246 21602
246 21563
247 16718
247 12857
247 8436
247 10730
247 21561
247 18237
247 21582
247 853
247 5023
247 11882
247 19429
247 21345
247 3484
247 47
247 21600
247 8252
247 2915
247 9866
247 5808
247 1288
247 5057
247 1200
247 2911
247 1847
247 15581
247 8916
247 13572
247 4289
247 15750
247 9546
247 6975
247 44
247 5561
247 12860
247 6071
247 10977
247 13792
247 21511
247 16590
247 10900
247 15271
247 12394
247 1392
247 16115
247 12135
247 21449
247 21073
247 18753
247 20534
247 21489
247 3609
247 4259
247 3118
247 4620
247 3528
247 19850
247 20418
248 4892
248 21610
248 1455
248 7085
248 3853
248 287
249 893
249 10580
249 7415
249 11277
249 11822
249 16115
249 8451
249 5244
249 8059
249 7884
249 8598
249 10432
249 16551
249 9024
249 17575
249 8087
249 8765
249 8985
249 9787
249 17965
249 14368
249 11662
249 15560
249 11542
249 5631
249 15190
249 16248
249 7512
249 7581
249 9332
249 7964
249 9732
249 7207
249 9306
249 7739
249 10151
249 16717
249 11528
249 13594
249 10071
249 8018
249 5067
249 7362
249 12102
249 5800
249 3970
249 10862
249 4887
249 10863
249 17942
249 8285
249 8397
249 9217
249 12591
249 21073
249 7596
249 15013
249 4892
249 18937
249 11309
249 10505
249 11014
249 17670
249 12397
249 14884
249 15465
249 7787
250 20988
250 9375
250 8916
250 9691
250 1596
250 1621
250 2353
250 165
250 1418
250 12857
250 1790
250 371
250 21561
250 18237
250 8436
250 6975
250 8568
250 7415
250 7726
250 7868
250 12210
250 9027
250 7926
250 9179
250 2583
250 3061
250 1925
250 4831
250 6963
250 4879
250 4521
250 6729
250 7043
250 5147
250 5250
250 5677
250 7417
250 5628
250 5245
250 7225
250 5244
250 7764
250 5058
250 5559
250 4513
250 7537
250 5800
250 7165
250 14489
250 6709
250 7040
250 8422
250 8431
251 227
251 1865
251 20264
251 2896
251 541
251 7906
251 20231
252 11838
252 10730
252 8436
252 7700
252 9027
252 9546
252 11993
252 7899
252 6627
252 6909
252 5808
252 8370
252 8682
252 7415
252 12189
252 12852
252 6975
252 13491
252 8200
253 2135
253 18894
253 18237
253 21515
253 21257
253 19239
253 4043
253 603
253 8436
253 1846
253 5057
253 9815
253 3609
253 21401
253 19333
253 12010
253 4259
253 853
253 414
253 461
253 16718
253 8568
253 11838
253 12405
253 1984
253 5240
253 9027
253 12120
253 11711
253 7415
253 12856
253 12855
253 12857
253 8504
253 12210
253 10043
253 9546
253 4840
253 9041
253 11489
253 7757
253 12143
253 733
253 5561
253 9150
253 12842
253 12852
253 7230
253 11191
253 8090
253 5126
253 371
253 3118
253 17574
253 7868
253 3536
253 4172
253 8625
253 13559
253 11993
253 1288
253 9448
253 9624
253 19049
253 3919
253 12859
253 18842
253 9445
253 16583
253 8539
253 11102
253 12844
253 10725
253 5673
253 3853
253 10470
253 11822
253 6942
253 12850
253 9691
253 10969
253 12090
253 3061
253 10730
253 4620
253 6975
253 7726
253 2911
253 3523
253 3583
253 4295
253 427
253 44
253 277
253 15827
253 15779
253 9141
253 11523
253 15453
253 11313
253 5051
253 2583
253 11124
253 12537
253 492
253 7493
253 10741
253 12145
253 17722
253 20009
253 19429
253 12661
253 16551
253 1882
253 21594
253 3058
253 12491
253 18003
253 18453
253 20266
253 13667
253 19292
253 16885
253 1443
253 21351
253 1637
253 6729
254 11676
254 353
254 8834
254 1193
254 1093
254 492
254 561
255 7672
255 21277
255 2826
255 2135
255 851
255 7444
255 18294
255 7150
255 1659
255 16357
255 5879
255 10129
255 6202
255 11495
255 4215
255 2552
255 3222
255 2578
255 285
255 1383
255 3294
255 1628
255 7839
255 5543
255 18106
255 18283
255 1439
255 1039
256 270
256 119
256 5555
256 1066
256 1983
257 531
257 21324
257 21430
257 10641
257 104
257 21048
257 18808
258 21525
258 465
258 13871
258 18237
258 244
258 829
258 900
258 831
258 277
258 203
258 895
258 1985
258 842
258 8436
258 3609
258 5057
258 4259
258 9815
258 3118
258 456
258 1711
258 8116
258 284
259 13667
259 18415
259 10090
259 5147
260 2707
260 4951
260 6531
260 6698
260 7931
260 11882
260 16116
260 5919
260 10334
261 15273
261 1077
261 19194
262 21598
262 10692
262 21600
262 9242
263 2100
263 842
263 829
263 12844
263 1882
263 3872
263 6942
263 16885
263 19292
263 982
263 980
263 981
263 978
263 977
263 979
263 21251
263 91
264 20696
264 12722
264 11213
264 11209
264 9747
264 9866
264 7788
264 6160
264 6733
264 7252
264 1300
264 1609
264 2354
264 17722
264 12342
264 11506
264 8569
264 8847
264 10101
264 10475
264 1008
264 4295
264 60
264 860
264 2830
264 3611
264 1
265 14275
265 14421
265 7659
265 19784
265 7727
265 20440
266 603
266 836
266 626
266 827
266 548
266 634
266 244
266 1392
266 630
266 882
266 845
266 834
266 625
266 427
266 840
266 644
266 844
266 646
266 841
266 3505
266 888
266 8315
266 16
266 3814
266 2190
266 6071
266 8252
266 1439
266 11208
266 5340
266 8834
266 4277
266 227
266 796
266 3965
266 6105
266 4685
266 3202
266 2528
266 854
267 230
267 13579
267 2927
267 9967
267 21541
267 3650
267 21524
267 19863
267 21089
267 21585
267 6860
267 268
267 21600
267 13324
267 21460
267 20747
267 21350
267 18085
267 21210
267 1619
267 21510
267 21248
267 21365
267 21512
267 21637
267 21645
268 19288
268 21618
268 21564
268 371
269 21403
269 19103
269 15581
269 20047
269 8862
269 178
269 4849
269 10818
269 10862
269 13574
269 8854
269 10778
269 11742
269 13143
269 12274
269 2552
269 8292
269 10432
269 12593
269 13615
270 11762
270 21574
270 21561
270 21585
270 21594
270 21515
270 21257
270 21600
270 5196
271 4082
271 18465
271 19545
271 15749
272 1757
272 15084
272 10300
272 16452
272 11359
272 11154
273 8020
273 8000
273 778
273 12145
273 17722
273 10741
273 492
273 7493
274 244
274 4043
274 1846
274 5057
274 3609
274 8436
274 1
274 227
274 277
274 44
274 21122
274 4259
274 414
274 9815
274 1172
274 6574
274 888
274 2258
274 767
274 226
274 11823
274 854
274 7868
274 8568
274 9075
274 91
274 5864
274 851
274 9775
274 834
274 15581
274 4520
275 244
275 2583
275 9926
275 21585
276 796
276 458
276 830
276 1071
276 846
276 895
276 833
276 2127
276 341
276 12845
276 1172
276 470
276 1846
276 733
276 32
276 646
276 371
276 2964
276 299
276 870
276 2135
276 561
276 539
276 1093
276 921
276 353
276 1149
276 277
276 1097
276 109
276 1120
276 1984
276 1401
276 461
276 3901
276 284
276 7043
276 2583
276 5196
276 2100
276 2547
276 120
276 2466
276 2128
276 1167
276 2129
276 12010
276 1948
276 2199
276 1345
276 1612
276 2301
276 967
276 1375
276 1528
276 770
276 2505
276 19723
276 465
276 1945
276 12405
276 13897
276 1143
276 1132
276 3250
276 1300
276 2007
276 573
276 2099
276 724
276 1711
276 1710
276 456
276 1491
276 1940
276 2658
276 1156
276 1925
276 1164
276 1377
276 2193
276 2354
276 1767
276 2518
276 409
276 3291
277 21610
277 11191
277 5857
278 15210
278 10197
278 21107
279 14890
279 8192
279 3159
279 19769
279 20685
280 18237
280 11838
280 895
280 1443
280 9624
280 9309
280 21561
280 21585
280 12491
280 4043
280 19333
280 3118
280 12010
280 8568
280 4520
280 9445
280 13491
280 10730
280 13559
280 4831
280 7694
280 7257
280 8539
280 12394
280 20820
280 10501
280 12192
280 16248
281 1641
281 21403
281 21501
281 21535
281 21564
282 21076
282 13616
282 7705
282 11447
282 21507
283 603
283 244
283 853
283 845
283 2135
283 1331
283 1641
283 44
283 1401
283 470
283 8436
283 3061
283 6975
283 9815
283 2583
283 3901
283 3583
283 2921
283 2856
283 10730
283 4511
283 2925
283 8252
283 7926
283 12842
283 12405
283 15397
283 2552
283 6627
283 8315
283 4836
283 5759
283 4263
283 7510
283 12369
283 19049
283 10743
283 11161
283 15749
283 13846
283 4169
283 8247
283 11711
283 8162
283 5857
283 226
283 19333
283 227
283 13866
283 461
283 9546
283 7127
283 8180
283 18753
283 846
283 646
283 7694
283 870
283 20380
283 888
283 645
283 3084
283 854
283 8769
283 7700
283 4840
283 4874
283 2896
283 12189
283 7899
283 2931
283 9033
283 11054
283 3454
283 5880
283 12392
283 3935
283 8682
283 8046
283 8771
283 16350
283 4490
283 8977
283 15748
283 9929
283 12329
283 10048
283 7667
283 20630
283 3224
283 3523
283 11838
283 8126
283 2827
283 5677
283 7419
283 5245
283 7722
283 11850
283 796
283 21489
283 1132
283 1143
283 91
283 893
283 14368
283 414
283 733
283 767
283 1330
283 1187
283 896
283 90
283 2547
283 2102
283 2428
283 537
283 860
283 1200
283 838
283 852
283 296
283 265
283 2157
283 20009
283 1041
283 1118
283 15201
283 1945
283 1067
283 2376
283 1083
283 2171
283 1876
283 11209
283 3609
283 5057
283 4259
283 4620
283 2911
283 7757
283 4517
283 2741
283 8303
283 13668
283 19545
283 178
283 2566
283 5051
283 124
283 458
283 353
283 833
283 256
283 109
283 47
283 87
283 768
283 2354
283 859
283 1846
283 16
283 20929
283 350
283 1726
283 166
283 10
283 1925
283 2193
283 6
283 565
283 1092
283 9309
283 2065
283 5240
283 9445
283 5692
283 4891
283 19202
283 10580
283 5631
283 7288
283 7775
283 8116
283 2855
283 9141
283 14485
283 3484
283 3948
283 277
283 840
283 831
283 991
283 921
283 1790
283 1474
283 2524
283 842
283 2907
283 16491
283 2700
283 6942
283 12160
283 10561
283 8570
283 20438
283 7445
283 21606
283 1172
283 7560
283 19
284 9445
284 5167
284 21401
284 19
284 7510
284 19049
284 19239
284 4876
284 8046
284 7164
284 4883
284 10997
284 6646
284 12853
284 11882
284 15581
284 2873
284 11676
284 11523
284 4377
284 2914
284 5244
284 2957
284 3173
284 7586
284 8303
284 14937
284 20630
284 4151
284 4044
284 8277
284 7764
284 2883
284 20051
284 12149
284 8331
284 7012
284 8598
284 7220
284 9621
284 8283
284 21440
284 15157
284 15176
284 14669
284 21134
285 371
285 1514
285 4209
285 9828
285 7668
285 15115
285 20534
285 836
285 11014
285 21113
285 2236
285 4942
285 833
285 2502
285 933
285 830
285 767
285 2529
285 311
285 1102
285 2524
285 4520
285 5196
285 3591
285 5864
285 4289
285 2749
285 8504
285 9445
285 7700
285 3523
285 9027
285 3536
285 2897
285 11308
285 7726
285 2911
285 2921
285 5561
285 10730
285 4172
285 9088
285 2714
285 2609
285 2458
285 8090
285 9150
285 10043
285 9041
285 12405
285 2896
285 12189
285 7899
285 9448
285 10725
285 2931
285 2514
285 9691
285 6638
285 8625
285 4521
285 9141
285 8539
285 3505
285 7257
285 7783
285 11277
285 12855
285 9644
285 10417
285 10336
285 3454
285 6634
285 10470
285 7007
285 11209
285 5750
285 10290
285 2718
285 5861
285 3361
285 15593
285 8111
285 11213
285 13846
285 7589
285 7445
285 7419
285 8000
285 2915
285 9118
285 6737
285 4876
285 8020
285 5668
285 3071
285 2871
285 8661
285 5628
285 2535
285 3114
285 8471
285 10741
285 10997
285 2459
285 10014
285 8845
285 8162
285 3145
285 11882
285 5835
285 4206
285 10382
285 8565
285 4011
285 3666
285 12159
285 3532
285 4490
285 4951
285 2401
285 7565
285 6960
285 4725
285 5171
285 8451
285 7961
285 4261
285 8062
285 11096
285 5862
285 2872
285 8391
285 6621
285 5173
285 10243
285 8081
285 8968
285 8161
285 8203
285 10731
285 17202
285 7045
285 10232
285 7530
285 18822
285 9242
285 12707
285 12081
285 7227
285 16842
285 7220
285 13906
285 15201
285 18753
285 5066
285 2930
285 8763
285 11045
285 9281
285 10597
285 9295
285 7888
285 4301
285 19449
285 8215
285 10690
285 9180
285 7477
285 10321
285 9252
285 14368
285 4494
285 9747
285 8078
285 8836
285 9778
285 10586
285 9649
285 18818
285 3697
285 11465
285 10990
285 7581
285 4755
285 1912
285 851
285 1900
285 3954
285 683
285 1897
285 1372
285 1359
285 5619
285 961
285 1369
285 959
285 1673
285 2831
285 2062
285 1886
285 2992
285 2842
285 4062
285 954
285 1802
285 1997
285 1351
285 9309
285 1479
285 1143
285 21542
285 15873
286 18237
286 12010
286 15397
286 12405
286 9815
286 19769
286 8436
286 3596
286 21122
286 20078
286 9141
286 1294
286 10466
286 21271
286 21585
286 7725
286 16708
286 2280
286 921
286 12369
286 21489
286 371
286 15453
286 4078
286 13784
286 1846
286 3045
286 17722
286 6913
286 9926
286 6942
286 20596
286 15256
286 5196
286 829
286 203
286 10977
286 12188
286 846
286 20630
286 19239
286 842
286 1701
286 11993
286 5057
286 3609
286 3505
286 21561
286 21248
286 1187
286 4289
286 8126
286 44
286 21511
286 11711
286 14485
286 10471
286 12857
286 7918
286 13866
286 16706
286 12143
286 5857
286 16420
286 19534
286 21076
286 16583
286 2135
286 227
287 277
287 20422
287 17168
288 5115
288 21638
288 6960
288 15201
289 8436
289 1172
289 12357
289 10290
289 1572
289 470
289 13742
289 16872
290 6348
290 2667
290 8741
290 1717
290 2100
290 9872
290 9752
290 2262
290 12048
290 8763
290 2443
290 938
290 8062
290 951
290 5024
290 955
290 20050
290 9141
290 3989
290 11161
290 8341
290 2464
290 3149
290 9268
290 4936
290 770
290 8801
290 458
290 461
290 9009
290 8726
290 9819
290 16627
290 4384
290 372
290 353
290 268
290 2133
290 9185
290 19545
290 2087
290 360
290 9124
290 359
290 2184
290 2360
290 895
290 8346
290 5891
290 1596
290 20201
290 767
290 2351
290 1377
290 2366
290 371
290 896
290 8719
290 989
290 2369
290 9616
290 9112
290 8161
290 10701
290 197
290 409
290 390
290 2325
290 410
290 8994
290 20821
290 439
290 274
290 376
290 281
290 9396
290 10232
290 15758
290 10091
290 19472
290 11054
290 325
290 182
290 528
290 11860
290 8360
290 284
290 9133
290 277
290 178
290 124
290 9261
290 227
290 226
290 183
290 242
290 296
290 302
290 33
290 23
290 117
290 59
290 9074
290 4793
290 299
290 9088
290 1213
290 301
290 90
290 16
290 12
290 128
290 245
290 8809
290 8841
290 9031
290 8785
290 106
290 21
290 18
290 287
290 8775
290 20630
290 232
290 32
290 547
290 255
290 69
290 2
290 150
290 84
290 130
290 491
290 131
290 56
290 1
290 311
290 142
290 158
290 19560
290 541
290 9132
290 9172
290 9179
290 605
290 590
290 9309
290 75
290 47
290 6
290 8900
290 569
290 79
290 44
290 87
290 543
290 817
290 1179
290 570
290 970
290 598
290 995
290 560
290 1523
290 1059
290 539
290 9590
290 568
290 9217
290 54
290 561
290 997
290 1008
290 537
290 493
290 492
290 576
290 14667
290 11823
290 60
290 701
290 9985
290 9033
290 9281
290 1136
290 1102
290 1100
290 9391
290 1207
290 1143
290 1238
290 1176
290 1054
290 1097
290 1109
290 1071
290 1651
290 1154
290 1278
290 10243
290 1021
290 9249
290 1083
290 9530
290 1200
290 1197
290 1166
290 9499
290 1092
290 1211
290 1216
290 1149
290 1132
290 1152
290 1086
290 1093
290 19707
290 1276
290 1134
290 1191
290 1195
290 8834
290 1945
290 2081
290 2034
290 1125
290 1066
290 1022
290 1641
290 1660
290 1521
290 1635
290 3514
290 1876
290 1267
290 11828
290 1114
290 2170
290 1151
290 1248
290 1193
290 1295
290 1145
290 1175
290 1088
290 1115
290 1047
290 1172
290 1190
290 9340
290 12860
290 1599
290 1781
290 1937
290 3767
290 2280
290 1291
290 1729
290 1229
290 1825
290 2749
290 2609
290 3609
290 1401
290 1274
290 1485
290 7125
290 1289
290 1281
290 1234
290 11601
290 1865
290 1423
290 1205
290 1210
290 11509
290 10013
290 9623
290 15787
290 9691
290 9882
290 9364
290 9394
290 3062
290 3363
290 1785
290 9252
290 20432
290 16487
290 10199
290 10259
290 9644
290 15877
290 1572
290 10494
290 9581
290 1296
290 11963
290 11104
290 10065
290 6428
290 1693
290 11767
290 9956
290 10796
290 10741
290 10888
290 11639
290 19903
290 1838
290 20059
290 10679
290 11032
290 11102
290 11481
290 10912
290 1300
290 10382
290 1425
290 1989
290 10501
290 3118
290 12255
290 12218
290 10373
290 10417
290 10514
290 10519
290 10197
290 9947
290 11009
290 9899
290 9368
290 9865
290 11510
290 9961
290 10332
290 9765
290 9926
290 9859
290 9815
290 1867
290 9816
290 9703
290 20319
290 11877
290 2374
290 2391
290 13450
290 13615
290 2135
290 1299
290 3454
290 4839
290 12842
290 3361
290 11045
290 17278
290 10730
290 1846
290 11118
290 10773
290 10725
290 11711
290 11824
290 1791
290 2035
290 16468
290 1866
290 9973
290 20672
290 11526
290 1920
290 11707
290 10106
290 9737
290 9812
290 11922
290 3160
290 1933
290 10389
290 10439
290 10520
290 10959
290 2171
290 3853
290 11624
290 11401
290 10319
290 10036
290 10969
290 2422
290 2376
290 7346
290 1823
290 17223
290 2172
290 13945
290 10655
290 12852
290 11663
290 11630
290 2552
290 11766
290 9778
290 9969
290 10377
290 10721
290 11253
290 18422
290 15366
290 2881
290 14174
290 11962
290 11968
290 11062
290 10449
290 10509
290 18701
290 10412
290 5656
290 10385
290 10776
290 10734
290 1985
290 15115
290 1790
290 11762
290 2257
290 1954
290 10242
290 11489
290 11585
290 14485
290 2709
290 11686
290 13617
290 10778
290 10101
290 2230
290 12599
290 2136
290 10812
290 12143
290 11441
290 11002
290 10817
290 10360
290 10280
290 2538
290 12254
290 10245
290 10743
290 12293
290 10910
290 10908
290 2880
290 2921
290 1779
290 6441
290 10066
290 10868
290 3581
290 10300
290 19443
290 2054
290 6445
290 11540
290 2857
290 11583
290 2583
290 2773
290 11882
290 11658
290 11012
290 10809
290 10811
290 10891
290 2381
290 13971
290 13846
290 4625
290 5205
290 5057
290 11221
290 11555
290 11036
290 10649
290 13792
290 4259
290 1951
290 1984
290 11438
290 10862
290 2038
290 12298
290 13525
290 12492
290 13993
290 2421
290 11129
290 2741
290 9957
290 11066
290 11200
290 13148
290 12853
290 12197
290 2400
290 11850
290 3416
290 14243
290 10289
290 3114
290 3919
290 2718
290 2715
290 11790
290 3222
290 3978
290 10415
290 4434
290 2856
290 11781
290 4461
290 3450
290 12052
290 16583
290 2900
290 15948
290 2897
290 1944
290 11770
290 11514
290 2925
290 11688
290 11826
290 2401
290 2716
290 11542
290 3792
290 11162
290 12120
290 12261
290 10911
290 12081
290 11482
290 11308
290 18951
290 11642
290 2685
290 2590
290 2882
290 11543
290 5468
290 2800
290 11599
290 10990
290 11154
290 11359
290 2911
290 12210
290 11065
290 11942
290 2606
290 2917
290 2884
290 16504
290 11503
290 11795
290 12192
290 11123
290 3484
290 2459
290 13972
290 12106
290 12056
290 3119
290 3485
290 12891
290 3088
290 3089
290 3167
290 11822
290 2883
290 11457
290 3061
290 11594
290 11717
290 15765
290 7725
290 15210
290 2873
290 2888
290 2820
290 4071
290 3838
290 2604
290 3003
290 11350
290 12428
290 12078
290 12018
290 12172
290 2605
290 11455
290 2896
290 2855
290 16271
290 18338
290 11772
290 12189
290 11716
290 12573
290 3501
290 4263
290 13212
290 13074
290 3079
290 3071
290 15886
290 12083
290 4225
290 16842
290 14200
290 14254
290 4081
290 12357
290 3011
290 13163
290 8879
290 12847
290 12239
290 12145
290 12033
290 3417
290 13392
290 12787
290 12039
290 12156
290 11947
290 12124
290 12129
290 2872
290 20009
290 13143
290 15990
290 2899
290 6475
290 3162
290 4511
290 13668
290 3145
290 12719
290 6480
290 12346
290 3536
290 2914
290 4874
290 4470
290 13470
290 4377
290 5853
290 3223
290 3583
290 12252
290 12844
290 3076
290 5754
290 3523
290 3726
290 12316
290 3678
290 20481
290 3696
290 12269
290 12064
290 4206
290 14352
290 16334
290 14663
290 11719
290 11605
290 3816
290 6495
290 16885
290 6496
290 3935
290 5765
290 3817
290 3934
290 4289
290 3420
290 13111
290 13082
290 11636
290 17251
290 4655
290 13650
290 15397
290 3985
290 3901
290 3173
290 3532
290 3593
290 3798
290 3415
290 3433
290 16795
290 3611
290 3521
290 9785
290 17168
290 14255
290 13929
290 7577
290 3624
290 4520
290 3739
290 3766
290 3529
290 3983
290 3403
290 13618
290 12333
290 12301
290 3592
290 12280
290 3918
290 4417
290 4069
290 3871
290 4460
290 4951
290 4840
290 17079
290 12096
290 6511
290 15135
290 3768
290 3922
290 12660
290 4441
290 3897
290 3605
290 3629
290 4184
290 3809
290 12616
290 12740
290 3880
290 12661
290 12403
290 12274
290 12276
290 12279
290 12741
290 13101
290 3607
290 6513
290 6512
290 4615
290 3839
290 3965
290 4726
290 4465
290 12739
290 14669
290 5115
290 5126
290 4496
290 4327
290 4011
290 4598
290 12119
290 4379
290 5564
290 12392
290 12369
290 12388
290 5554
290 12281
290 7053
290 12212
290 4165
290 4082
290 4172
290 3715
290 3969
290 13159
290 13763
290 8250
290 16686
290 19018
290 6646
290 4522
290 14247
290 14248
290 15084
290 11794
290 4513
290 5673
290 4261
290 13512
290 4212
290 4599
290 4879
290 5561
290 4891
290 5454
290 6521
290 5129
290 4850
290 6529
290 6531
290 13324
290 6533
290 4518
290 4399
290 13514
290 4724
290 4883
290 4326
290 7515
290 4490
290 4517
290 4468
290 12315
290 14244
290 5870
290 5827
290 15519
290 15062
290 5051
290 4521
290 12291
290 5052
290 5211
290 5245
290 4754
290 4759
290 5693
290 6543
290 5864
290 5796
290 4524
290 4842
290 12774
290 5172
290 13142
290 12843
290 4151
290 7507
290 4587
290 4620
290 4725
290 13281
290 7493
290 4836
290 5555
290 6544
290 6909
290 14215
290 4633
290 4668
290 4862
290 4650
290 4635
290 4834
290 5252
290 6641
290 15791
290 5173
290 5201
290 12742
290 12743
290 13866
290 12861
290 5076
290 5055
290 5066
290 16403
290 13237
290 13943
290 12744
290 4751
290 4728
290 17370
290 16154
290 15750
290 5431
290 8084
290 4831
290 5054
290 5254
290 18934
290 5241
290 5875
290 20418
290 14017
290 6953
290 14066
290 6963
290 6708
290 7088
290 6559
290 6563
290 15581
290 9027
290 6737
290 5676
290 5857
290 16248
290 16618
290 13927
290 5680
290 7258
290 7116
290 5074
290 11996
290 6698
290 12859
290 6566
290 5208
290 5799
290 17662
290 12365
290 5880
290 5881
290 12857
290 7232
290 13067
290 13491
290 12551
290 7395
290 5195
290 13393
290 5628
290 15799
290 5629
290 5188
290 9392
290 7476
290 5868
290 9314
290 5808
290 6576
290 6578
290 8526
290 5749
290 6648
290 7203
290 6705
290 13498
290 8684
290 12565
290 5432
290 5759
290 6574
290 5806
290 6573
290 14386
290 5769
290 5766
290 6890
290 6896
290 6975
290 7043
290 6657
290 5692
290 7015
290 20685
290 14977
290 5879
290 6603
290 7128
290 7142
290 7179
290 5240
290 6601
290 15593
290 7207
290 16985
290 15751
290 5250
290 8504
290 6598
290 7485
290 7528
290 7757
290 12991
290 17882
290 7510
290 15073
290 17290
290 14213
290 7511
290 7525
290 10873
290 15012
290 12858
290 12593
290 7431
290 15466
290 16602
290 16115
290 13757
290 7392
290 7034
290 7058
290 8206
290 14043
290 7667
290 7123
290 5832
290 6703
290 7181
290 7290
290 7127
290 7098
290 7020
290 6843
290 8804
290 6621
290 6627
290 5861
290 7324
290 7606
290 7038
290 7095
290 6733
290 7007
290 6983
290 19013
290 12855
290 7856
290 7418
290 12856
290 7926
290 7919
290 7899
290 7589
290 7727
290 8088
290 8474
290 8198
290 12854
290 7700
290 6989
290 17570
290 13027
290 8367
290 7729
290 7114
290 7079
290 8625
290 7445
290 7477
290 7205
290 15887
290 8043
290 16303
290 15211
290 16764
290 15080
290 8116
290 15748
290 16586
290 7403
290 7834
290 11089
290 8411
290 7217
290 7219
290 15476
290 8189
290 15855
290 9059
290 8539
290 8265
290 7227
290 7479
290 13906
290 7180
290 18414
290 16852
290 19518
290 7590
290 7415
290 7918
290 15267
290 7768
290 9464
290 7059
290 7716
290 9773
290 7980
290 8081
290 7783
290 9866
290 7880
290 7992
290 16370
290 17173
290 8570
290 15629
290 18157
290 7318
290 7419
290 7430
290 8974
290 7387
290 7760
290 7310
290 16273
290 14173
290 8210
290 8032
290 14175
290 7968
290 14884
290 15274
290 7550
290 11213
290 7961
290 8163
290 7835
290 7764
290 15724
290 14090
290 18237
290 15447
290 7397
290 9571
290 7695
290 8022
290 7143
290 9884
290 8359
290 10470
290 9038
290 8278
290 7527
290 15584
290 8111
290 8698
290 7824
290 12267
290 12157
290 5505
290 8720
290 8740
290 8908
290 7931
290 8284
290 10254
290 9682
290 18239
290 16259
290 10255
290 7588
290 12850
290 9739
290 7789
290 8020
290 8451
290 8252
290 15137
290 14714
290 8436
290 16882
290 14006
290 14127
290 16069
290 16809
290 7689
290 16011
290 12405
290 10033
290 10666
290 7603
290 15683
290 1392
290 19046
290 7858
290 8187
290 16045
290 8645
290 16420
290 8201
290 14890
290 8046
290 8054
290 15596
290 9445
290 17980
290 7979
290 8476
290 20420
290 16350
290 15044
290 8569
290 836
290 15749
290 14566
290 7733
290 7726
290 8041
290 8196
290 7888
290 17722
290 19328
290 14226
290 14689
290 16844
290 17197
290 15991
290 19390
290 17574
290 16804
290 17129
290 15037
290 15418
290 17631
290 15235
290 947
290 17617
290 4698
290 16837
290 17092
290 16639
290 17169
290 18684
290 892
290 15840
290 16283
290 16452
290 834
290 20121
290 19452
290 19753
290 15873
290 15762
290 5403
290 15675
290 19251
290 17334
290 17861
290 17942
290 2781
290 18389
290 18231
290 16765
290 16488
290 5151
290 18842
290 18465
290 16636
290 18753
290 16028
290 17715
290 17961
290 18894
290 841
290 18464
290 906
290 838
290 1816
290 14084
290 19769
290 3510
290 18255
290 646
290 4159
290 18745
290 20534
290 91
290 8180
290 18442
290 17659
290 17202
290 1331
290 2441
290 8736
290 8956
290 19030
290 18784
290 19515
290 986
290 2505
290 203
290 2224
290 961
290 787
290 18835
290 19192
290 11565
290 4699
290 19850
290 991
290 2691
290 19587
290 8261
290 8091
290 9273
290 1372
290 17884
290 1893
290 10466
290 942
290 759
290 17354
290 18799
290 846
290 8471
290 11307
290 8370
290 5552
290 840
290 19052
290 9041
290 8565
290 2672
290 5651
290 20472
290 20380
290 18023
290 5826
290 1714
290 8120
290 7860
290 10078
290 11584
290 8241
290 8194
290 8354
290 8714
290 888
290 9459
290 829
290 18325
290 12010
290 19409
290 9640
290 17602
290 791
290 1099
290 8415
290 18455
290 10378
290 2142
290 8497
290 2007
290 1507
290 3411
290 1894
290 10537
290 8147
290 7945
290 9726
290 12846
290 10336
290 8642
290 3648
290 9073
290 18962
290 1464
290 1156
290 1609
290 8771
290 3655
290 1715
290 17945
290 12121
290 6872
290 8692
290 8640
290 12344
290 19449
290 2673
290 19001
290 1369
290 4370
290 831
290 1708
290 427
290 18227
290 775
290 18599
290 10579
290 11146
290 9929
290 10202
290 8126
290 8200
290 19585
290 1716
290 8234
290 9330
290 18413
290 3647
290 6273
290 1346
290 2199
290 1948
290 8827
290 8835
290 8682
290 9118
290 11277
290 842
290 2099
290 8957
290 1165
290 18822
290 870
290 8243
290 18323
290 18166
290 959
290 4976
290 849
290 1474
290 19239
290 1895
290 3084
290 900
290 10630
290 6313
290 905
290 891
290 1771
290 2073
290 1764
290 9198
290 9245
290 8562
290 8651
290 833
290 768
290 1753
290 1347
290 8568
290 778
290 1375
290 19414
290 2831
290 3849
290 19836
290 19865
290 20637
290 20644
290 8509
290 2974
290 2676
290 2986
290 9176
290 19605
290 1384
290 1348
290 1376
290 8661
290 18923
290 921
290 12849
290 8826
290 8549
290 11020
290 19652
290 2907
290 3344
290 19809
290 8469
290 3298
290 3281
290 3309
290 3294
290 3295
290 1896
290 904
290 20714
290 20573
290 10018
290 2547
290 789
290 850
290 733
290 11193
290 9834
290 10290
290 6334
290 9448
290 3388
290 6796
290 10321
290 777
290 20502
290 845
290 456
290 2509
290 3638
290 3372
290 9307
290 2675
290 1120
290 9913
290 11838
290 4896
290 976
290 10292
290 1385
290 1396
290 3382
290 4309
291 1187
291 461
291 1401
291 10584
291 20677
291 11510
291 9546
291 9691
291 20820
291 44
291 11823
291 17965
291 8834
291 19854
291 10382
291 284
291 12859
291 12842
291 20418
291 14174
291 18951
291 12188
291 12857
291 11711
291 12847
291 11993
291 1984
291 15750
291 14101
291 12853
291 4620
291 11308
291 13898
291 13763
291 12052
291 10969
291 10730
291 12631
291 15350
291 20929
291 12357
291 12210
291 12189
291 4289
291 4295
291 5196
291 9027
291 11795
291 11783
291 12848
291 6975
291 14175
291 7700
291 21515
291 8032
291 11277
291 7415
291 7868
291 20988
291 8565
291 12858
291 20763
291 20637
291 10336
291 12854
291 10579
291 10470
291 21046
291 18237
291 21563
291 13594
291 17631
291 18842
291 8568
291 8315
291 12856
291 19049
291 19333
291 12855
291 8504
291 12850
291 11565
291 12010
291 7528
291 7726
291 16702
291 21011
291 11838
291 12849
292 9972
292 20910
292 21600
293 21644
293 21639
293 21624
293 21585
293 21600
294 12010
294 1092
294 836
294 11630
295 1187
295 3609
295 5057
295 4259
295 19018
295 15397
295 10466
295 12188
295 244
295 2135
295 8436
295 1846
295 9815
295 4043
295 14485
295 8315
295 17079
295 13866
295 12842
295 15749
295 16583
295 17334
295 7725
295 8252
295 16115
295 16350
295 9929
295 17202
295 20630
295 8568
295 47
295 9118
295 9027
295 8916
295 9033
295 19333
295 11882
295 227
295 5051
295 2583
295 18894
295 829
295 203
295 846
295 840
295 427
295 733
295 458
295 870
295 830
295 414
295 842
295 6729
295 7695
295 14532
295 461
295 3528
295 8370
295 4277
295 2167
295 1401
295 900
295 13906
295 8276
295 1609
295 12010
295 277
295 1
295 2897
295 1071
295 833
295 831
295 921
295 1345
295 603
295 845
295 1097
295 1149
295 7700
295 13559
295 2925
295 2552
295 470
295 888
295 226
295 11993
295 3061
295 4620
295 6975
295 3583
295 3919
295 2749
295 9445
295 7415
295 11308
295 10730
295 13491
295 12852
295 12405
295 12392
295 4879
295 18822
295 18799
295 12774
295 2280
295 1984
295 44
295 5254
295 7726
295 2830
295 767
295 353
295 1641
295 548
295 9075
295 2054
295 4309
295 18237
295 12491
295 20988
295 2353
295 1120
295 13846
295 17960
295 19239
295 15750
295 19390
295 11125
295 20929
295 284
295 18889
295 836
295 20820
295 21076
295 2007
295 16718
295 16702
295 90
295 10425
295 18951
295 8346
295 9546
295 8022
295 10912
295 14667
295 4598
295 15560
295 91
295 11798
295 4289
295 8769
295 13067
295 12189
295 5808
295 12143
295 12369
295 4840
295 7899
295 4520
295 789
295 1172
295 109
295 7560
295 19049
295 6702
295 626
295 1143
295 896
295 371
295 3118
295 854
295 5196
295 5864
295 796
295 895
295 3611
295 15748
295 5561
295 12210
295 1200
295 2911
295 1338
295 33
295 10090
295 2547
295 2258
295 10018
295 9775
295 3901
295 8845
295 7868
295 2102
295 1790
295 798
295 1983
295 641
295 544
295 855
295 18108
295 19103
295 5240
295 8504
295 3523
295 2921
295 4172
295 4511
295 6843
295 7757
295 3872
295 10579
295 5673
295 5554
295 2855
295 2896
295 9448
295 10725
295 10044
295 7077
295 8126
295 3965
295 3163
295 4521
295 8509
295 11277
295 11054
295 11102
295 3454
295 12857
295 5759
295 3948
295 3120
295 2685
295 5568
295 10470
295 7511
295 12052
295 6911
295 11822
295 11209
295 4263
295 4225
295 5677
295 5880
295 5861
295 5250
295 8088
295 7510
295 3593
295 7417
295 12856
295 10734
295 11510
295 5633
295 11823
295 5857
295 12847
295 5205
295 11161
295 2391
296 21585
296 21480
296 21111
296 19809
297 9624
297 8652
297 21401
297 10580
298 350
298 8539
298 12405
298 5147
298 18108
298 15416
299 11124
299 3523
299 21480
300 11125
300 11762
300 15176
300 44
300 1
300 1846
300 2471
300 479
300 4308
300 21625
300 3528
300 4520
300 5864
300 9546
300 10817
300 15350
300 174
300 6686
300 10579
300 10725
300 12143
300 21501
300 18114
300 1052
300 1444
300 1411
300 703
300 15899
300 20630
300 47
300 1143
301 14977
301 15235
301 2157
301 8977
301 10101
302 20764
302 3969
302 1895
302 270
303 11571
303 8234
303 8785
303 9364
304 18237
304 203
304 20820
304 1846
304 9150
304 21401
304 21561
304 3163
304 1288
304 5254
304 16976
304 12210
304 12052
304 1984
304 3609
304 4259
304 2583
304 21515
304 21056
304 3591
304 1637
305 12491
305 7700
305 10290
306 18839
306 21528
306 12884
306 21647
306 21648
306 21616
306 21649
306 19942
306 3920
307 4289
307 1172
307 3611
307 6641
308 1790
308 21511
308 11762
308 21440
309 13944
309 21585
309 1200
310 14485
310 864
310 1322
310 9623
310 7415
310 20578
310 10015
310 21585
310 3163
311 8436
311 4259
311 20820
311 18237
311 12157
311 8090
311 44
311 7528
311 7899
311 8284
311 21598
311 21594
311 3609
311 5057
311 9815
311 3118
311 3061
311 4620
311 3528
311 8568
311 5864
311 6975
311 5196
311 4520
311 12010
311 3853
311 9075
311 3901
311 4511
311 9546
311 13491
311 2856
311 7868
311 10579
311 12210
311 8116
311 8252
311 11838
311 7230
311 5692
311 8770
311 5554
311 4309
311 13559
311 11993
311 12842
311 12189
311 10043
311 9150
311 12188
311 9775
311 10725
311 15397
311 10801
311 10018
311 12844
311 6963
311 6574
311 3930
311 11852
311 6638
311 3624
311 4521
311 14485
311 10199
311 12855
311 8032
311 8370
311 11102
311 14669
311 7594
311 9814
311 5254
311 12857
311 11822
311 5629
311 4043
311 18162
311 1401
311 2135
311 603
311 16350
311 1187
311 9624
311 13898
311 2280
311 12394
311 18818
311 15749
311 14536
311 20630
311 18894
311 20051
311 853
311 12143
311 15271
311 11258
311 18359
311 15694
311 15201
311 1288
311 15581
311 20090
311 7726
311 12159
311 7415
311 10243
311 2915
311 15157
311 7700
311 11962
311 5166
311 870
311 10464
311 20327
311 226
311 2258
311 7964
311 457
311 10416
311 9389
311 11156
311 277
311 11443
311 11851
311 227
311 17569
311 13787
311 3766
311 9141
311 1983
311 10045
311 8916
311 1
311 11208
311 7141
311 8539
311 10730
311 10997
311 10675
311 19854
311 11578
311 5051
311 14937
311 7433
311 1087
311 16583
311 12145
311 11596
311 11124
311 11832
311 5561
311 11247
311 11783
311 15124
311 7945
311 12369
311 1143
311 6953
311 827
311 3935
311 1172
311 11010
311 20493
311 3505
311 17767
311 9179
311 9309
311 17722
311 5680
311 9242
311 10178
311 20004
311 7515
311 9033
311 15607
311 3583
311 836
311 21561
311 845
311 1392
311 634
311 15606
311 12853
311 11286
311 20988
311 19333
311 9027
311 11308
311 12856
311 458
311 895
311 14101
311 12858
311 15593
311 1093
311 47
311 11489
311 12631
311 12852
311 17574
311 12860
311 911
311 854
311 834
311 11707
311 21401
311 21248
311 11277
311 20910
311 21489
311 19239
312 2646
312 893
312 12551
313 4780
313 2960
313 3164
314 277
314 1093
314 9088
314 6963
314 4517
315 14600
315 17206
315 17197
315 18023
316 3623
316 11860
316 10778
316 9423
316 10071
316 1252
316 7618
316 11082
316 12444
316 2857
316 18707
316 4849
316 7834
316 17758
317 4295
317 277
317 1662
318 244
318 603
318 853
318 2135
318 44
318 9815
318 9546
318 11838
318 9926
318 10043
318 21248
318 227
318 827
318 1846
318 829
318 12010
318 1392
318 7433
318 14485
318 634
318 91
318 840
318 2583
318 4840
318 833
318 427
318 5057
318 277
318 15397
318 834
318 882
318 635
318 645
318 458
318 226
318 1071
318 1329
318 837
318 877
318 3591
318 1200
318 759
318 8315
318 846
318 5240
319 461
319 888
319 3609
319 20260
320 21233
320 20940
320 505
320 21564
320 20493
320 21585
321 17198
321 4445
321 9118
321 21271
321 10852
321 21582
322 12206
322 6568
322 14174
322 21068
323 7278
323 8714
323 7653
324 9917
324 1637
324 1207
325 7417
325 625
325 646
326 20398
326 47
326 4289
326 21585
326 21480
327 21637
327 21585
327 90
327 21535
327 21507
327 11542
327 9967
327 11528
327 10012
327 10842
327 10680
327 11187
327 11500
327 10629
327 10224
327 10018
328 1941
328 6796
328 18518
328 10163
328 12950
328 14113
328 10191
328 8841
329 5128
329 227
329 1126
329 732
329 3308
329 11739
329 1372
329 1322
329 3157
329 2425
329 3250
329 8630
330 16737
330 21554
330 21600
330 21585
